%PRODUCTID,zoovy:ship_latency
A116,2
HAT380-00-2BHIP,2
HAT380-00,2
DR102-GA105,5
DR140-FF2081,5
DR105-RC107,5
DR103-MM108,5
DR136-FF2059,5
DR131-MM116,5
DR137-FF2082,5
DR104-RC104,5
DR114-MM109,5
DR89-MM107R,5
DR88-MM107G,5
DR87-MM107B,5
TS1048,5
TS1052,5
TS1049,5
TS1061,5
TS203-EBAY,5
TS241-EBAY,5
TS53-EBAY,5
TS575-EBAY,5
TS604-00-EBAY,5
AMZBAT-BM288SS,6
AMZSUPES-BM288SS,6
AMZGL-DCO262BSS,6
DRT-AC175AT,6
DRT-ATA2701AT,6
DRT-ATA2705AT,6
DRT-ATA2707AT,6
DRT-ALI173KT,6
DRT-BB586JS,6
DRT-ATA527BJS,6
DRT-ATJ200JS,6
DRT-ATA2708AT,6
DRT-ATA2705JS,6
DRT-ATA2702JS,6
DRT-ATA2708JS,6
DRT-AC174AT,6
DRT-AC176AT,6
DRT-AAC102AT,6
DRT-AAC108AT,6
DRT-ALI173AT,6
DRT-AAC103JS,6
DRT-AAC100JS,6
DRT-AAC105AT,6
DRT-AAC107JS,6
DRT-ATA2292AT,6
DRT-ATA2701JS,6
DRT-AC173AT,6
DRT-AC173JS,6
DRT-ATA2704JS,6
DRT-AAC104AT,6
DRT-ATA2699AT,6
DRT-AC176JS,6
DRT-ATA2697AT,6
DRT-ATA2700JS,6
DRT-ATA2702AT,6
DRT-AAC106AT,6
DRT-ATJ200AT,6
DRT-ATA2700AT,6
DRT-ALI173YT,6
DRT-ATA2706JS,6
DRT-AAC105JS,6
DRT-AAC101AT,6
DRT-AC177JS,6
DRT-ATA2292JS,6
DRT-ATA527BAT,6
DRT-AC177AT,6
DRT-ATA2707JS,6
DRT-AAC100AT,6
DRT-AAC104JS,6
DRT-AAC106JS,6
DRT-AC174JS,6
DRT-ATA2703JS,6
DRT-BB483AT,6
DRT-AAC101JS,6
DRT-AAC103AT,6
DRT-ATA2704AT,6
DRT-BB483JS,6
DRT-AAC107AT,6
DRT-AC175JS,6
DRT-ATA2703AT,6
DRT-ALI173JS,6
DRT-ATA2706AT,6
DRT-ATA2698AT,6
DRT-BB586AT,6
DRT-BM2276AT,6
DRT-BM2170JS,6
DRT-CN126AT,6
DRT-BM1907AT,6
DRT-DCO137CAT,6
DRT-CBS1198JS,6
DRT-CN115AT,6
DRT-CBS1096AT,6
DRT-DCO138JS,6
DRT-CN113AT,6
DRT-CBS1174AT,6
DRT-CN137AT,6
DRT-BM2079JS,6
DRT-CN120AT,6
DRT-BB752JS,6
DRT-CBS1173JS,6
DRT-CN117AT,6
DRT-BM2172JS,6
DRT-CN133AT,6
DRT-CBS1198YT,6
DRT-BM2111JS,6
DRT-CBS1095YT,6
DRT-CBS137AT,6
DRT-BM2185JS,6
DRT-CBS1173KT,6
DRT-CN139AT,6
DRT-CBS1173YT,6
DRT-CN132AT,6
DRT-CBS1198KT,6
DRT-BM2115DJS,6
DRT-CBS1095KT,6
DRT-CBS1095AT,6
DRT-CBS1174JS,6
DRT-CN125AT,6
DRT-CN119AT,6
DRT-BM2115DAT,6
DRT-BM2169JS,6
DRT-CN140AT,6
DRT-CBS137JS,6
DRT-CN134AT,6
DRT-BM2143JS,6
DRT-DCO129CJS,6
DRT-CBS1177KT,6
DRT-CN129AT,6
DRT-CN131AT,6
DRT-CN118AT,6
DRT-CBS1177YT,6
DRT-BB752AT,6
DRT-BM2190JS,6
DRT-BM2189JS,6
DRT-CBS1096JS,6
DRT-CN135AT,6
DRT-CBS1173AT,6
DRT-CN136AT,6
DRT-BM2275AT,6
DRT-BM1902JS,6
DRT-CN116AT,6
DRT-CBS1095JS,6
DRT-CBS1171YT,6
DRT-CBS1177AT,6
DRT-BM2196JS,6
DRT-BM2164JS,6
DRT-CBS1096YT,6
DRT-BM288BAT,6
DRT-DCO137AT,6
DRT-CBS1177JS,6
DRT-DCO129CAT,6
DRT-BM1553JS,6
DRT-BM1907JS,6
DRT-BM1921TT,6
DRT-BM288JS,6
DRT-BM2195JS,6
DRT-DCO137JS,6
DRT-BM1921AT,6
DRT-BM288FAT,6
DRT-BM2187JS,6
DRT-CBS1198AT,6
DRT-CN127AT,6
DRT-BM2114JS,6
DRT-BM2153JS,6
DRT-CN128AT,6
DRT-BM1925JS,6
DRT-BM2144JS,6
DRT-BM1930JS,6
DRT-BM2274AT,6
DRT-BM1885JS,6
DRT-BM2200JS,6
DRT-BM1921JS,6
DRT-DCO137CJS,6
DRT-CN121AT,6
DRT-CBS1096KT,6
DRT-CBS1171AT,6
DRT-BM1893JS,6
DRT-CBS1174YT,6
DRT-CN123AT,6
DRT-CN122AT,6
DRT-CN130AT,6
DRT-CN114AT,6
DRT-CBS1171KT,6
DRT-CN138AT,6
DRT-GSA1179AT,6
DRT-GAR137JS,6
DRT-GSA1234JS,6
DRT-DCO472JS,6
DRT-DCO451JS,6
DRT-GL232BJS,6
DRT-GSA1173AT,6
DRT-DCO622AT,6
DRT-GSA1243JS,6
DRT-GSA1238AT,6
DRT-GL280BAT,6
DRT-DCO605JS,6
DRT-DCO586JS,6
DRT-GSA1243AT,6
DRT-GSA1229AT,6
DRT-GSA682AT,6
DRT-GSA1232AT,6
DRT-GSA1227AT,6
DRT-GL280CAT,6
DRT-GSA1236JS,6
DRT-GSA1189AT,6
DRT-GSA1242AT,6
DRT-DCO583JS,6
DRT-GSA1241JS,6
DRT-GSA1175AT,6
DRT-GS490JS,6
DRT-DCO587JS,6
DRT-DCO618JS,6
DRT-DCO619JS,6
DRT-GSA1195AT,6
DRT-GSA1186AT,6
DRT-GSA682JS,6
DRT-GSA1236AT,6
DRT-DCO603JS,6
DRT-GSA1174AT,6
DRT-DCO618AT,6
DRT-GAR135JS,6
DRT-DCO620JS,6
DRT-GL232BAT,6
DRT-DCO263FAT,6
DRT-DCO620AT,6
DRT-DCO601JS,6
DRT-GL249JS,6
DRT-GSA1233AT,6
DRT-GSA1230AT,6
DRT-GAR133JS,6
DRT-DCO621AT,6
DRT-GSA1244JS,6
DRT-GSA1240AT,6
DRT-GSA1228AT,6
DRT-DCO622JS,6
DRT-GSA1188AT,6
DRT-GSA1233JS,6
DRT-GS490AT,6
DRT-DCO588JS,6
DRT-GL228TT,6
DRT-DCO263GAT,6
DRT-GL228AT,6
DRT-GSA1183AT,6
DRT-GSA1184AT,6
DRT-GSA1237JS,6
DRT-GAR133AT,6
DRT-GSA1252AT,6
DRT-DCO584JS,6
DRT-GSA101AT,6
DRT-GSA1180AT,6
DRT-GSA949AT,6
DRT-DCO619AT,6
DRT-GSA1182AT,6
DRT-GSA1238JS,6
DRT-GSA1241AT,6
DRT-DCO597JS,6
DRT-GSA1231AT,6
DRT-GSA1178AT,6
DRT-GSA1244AT,6
DRT-GSA1252JS,6
DRT-DCO510JS,6
DRT-DCO510AT,6
DRT-GSA1250JS,6
DRT-GSA1172AT,6
DRT-GSA518AT,6
DRT-GSA101JS,6
DRT-DCO624AT,6
DRT-DCO621JS,6
DRT-GSA1237AT,6
DRT-GSA1181AT,6
DRT-GSA1235AT,6
DRT-GSA1234AT,6
DRT-GSA1185AT,6
DRT-DCO623JS,6
DRT-GSA1177AT,6
DRT-GSA1196AT,6
DRT-GAR137AT,6
DRT-GSA1187AT,6
DRT-GAR135AT,6
DRT-GSA1235JS,6
DRT-GL228JS,6
DRT-GSA1250AT,6
DRT-GSA1239JS,6
DRT-GSA1239AT,6
DRT-HOB1044AT,6
DRT-HOB1015JS,6
DRT-HOB1033JS,6
DRT-HOB1016JS,6
DRT-HOB1014AT,6
DRT-HOB1013AT,6
DRT-GSJ166AT,6
DRT-HOB1018AT,6
DRT-HOB1001AT,6
DRT-HOB1030JS,6
DRT-HOB1028AT,6
DRT-GSY121AT,6
DRT-HOB1012JS,6
DRT-HOB1023AT,6
DRT-HOB1046AT,6
DRT-HOB1036AT,6
DRT-HOB1029AT,6
DRT-HOB1026AT,6
DRT-HOB1012AT,6
DRT-GSY121JS,6
DRT-HOB1002AT,6
DRT-HOB1045AT,6
DRT-HOB1016AT,6
DRT-HOB1039AT,6
DRT-HOB1037AT,6
DRT-HOB1047AT,6
DRT-HOB1000AT,6
DRT-HOB1021JS,6
DRT-HOB1040AT,6
DRT-HOB1038JS,6
DRT-HOB1008AT,6
DRT-HOB1049JS,6
DRT-HOB1041AT,6
DRT-HOB1039JS,6
DRT-GSJ166JS,6
DRT-HOB1032AT,6
DRT-HOB1005JS,6
DRT-HOB1047JS,6
DRT-HOB1029JS,6
DRT-HOB1043AT,6
DRT-HOB1041JS,6
DRT-HOB1036JS,6
DRT-HOB1006JS,6
DRT-HOB1022JS,6
DRT-GSJ147AT,6
DRT-GSJ168AT,6
DRT-HOB1033AT,6
DRT-HOB1048JS,6
DRT-HOB1018JS,6
DRT-GSJ170JS,6
DRT-HOB1025AT,6
DRT-HOB1040JS,6
DRT-HOB1025JS,6
DRT-HOB1009JS,6
DRT-HOB1020AT,6
DRT-HOB1019AT,6
DRT-HOB1014JS,6
DRT-HOB1020JS,6
DRT-HOB1038AT,6
DRT-HOB1015AT,6
DRT-HOB1017JS,6
DRT-GSJ168JS,6
DRT-HOB1008JS,6
DRT-HOB1023JS,6
DRT-HOB1007AT,6
DRT-HOB1031JS,6
DRT-HOB1000JS,6
DRT-HOB1045JS,6
DRT-HOB1034JS,6
DRT-HOB1005AT,6
DRT-HOB1035AT,6
DRT-HOB1007JS,6
DRT-HOB1013JS,6
DRT-HOB1001JS,6
DRT-HOB1017AT,6
DRT-HOB1004JS,6
DRT-HOB1021AT,6
DRT-HOB1031AT,6
DRT-HOB1044JS,6
DRT-HOB1042JS,6
DRT-HOB1004AT,6
DRT-HOB1046JS,6
DRT-HOB1006AT,6
DRT-GSA951AT,6
DRT-HOB1048AT,6
DRT-GSJ147JS,6
DRT-HOB1049AT,6
DRT-HOB1042AT,6
DRT-GSJ170AT,6
DRT-HOB1024JS,6
DRT-HOB1024AT,6
DRT-HOB1030AT,6
DRT-HOB1003JS,6
DRT-HOB1022AT,6
DRT-HOB1043JS,6
DRT-HOB1026JS,6
DRT-HOB1034AT,6
DRT-HOB1009AT,6
DRT-HOB1003AT,6
DRT-HOB1028JS,6
DRT-HOB1095JS,6
DRT-HOB1075JS,6
DRT-HOB1112AT,6
DRT-HOB1104JS,6
DRT-HOB1097JS,6
DRT-HOB1061JS,6
DRT-HOB1103JS,6
DRT-HOB1111JS,6
DRT-HOB1110JS,6
DRT-HOB1087AT,6
DRT-HOB1093AT,6
DRT-HOB1072JS,6
DRT-JLA212JS,6
DRT-HOB1092AT,6
DRT-HOB1104AT,6
DRT-HOB1087JS,6
DRT-HOB1067JS,6
DRT-HOB1105JS,6
DRT-HOB1106JS,6
DRT-HOB1100AT,6
DRT-HOB1061AT,6
DRT-HOB1062AT,6
DRT-HOB1093JS,6
DRT-HOB1098JS,6
DRT-HOB1078AT,6
DRT-HOB1059JS,6
DRT-HOB1067AT,6
DRT-HOB1062JS,6
DRT-JLA353JS,6
DRT-HOB1110AT,6
DRT-HOB1096JS,6
DRT-HOB1060JS,6
DRT-HOB1098AT,6
DRT-HOB1071AT,6
DRT-HOB1108AT,6
DRT-HOB1077AT,6
DRT-HOB1096AT,6
DRT-JLA390AT,6
DRT-HOB1112JS,6
DRT-HOB1056AT,6
DRT-HOB1101AT,6
DRT-HOB1076JS,6
DRT-HOB1099AT,6
DRT-JLA392AT,6
DRT-HOB1105AT,6
DRT-HOB1113JS,6
DRT-HOB1103AT,6
DRT-HOB1107JS,6
DRT-HOB1109AT,6
DRT-HOB1073JS,6
DRT-HOB1109JS,6
DRT-HOB1073AT,6
DRT-HOB1054JS,6
DRT-HOB1057AT,6
DRT-HOB1094JS,6
DRT-HOB1107AT2,6
DRT-HOB1069JS,6
DRT-HOB1076AT,6
DRT-HOB1114AT,6
DRT-HOB1059AT,6
DRT-HOB1113AT,6
DRT-JLA391AT,6
DRT-HOB1052AT,6
DRT-HOB1102AT,6
DRT-HOB1050JS,6
DRT-HOB1102JS,6
DRT-HOB1069AT,6
DRT-HOB1092JS,6
DRT-JLA352JS,6
DRT-HOB1057JS,6
DRT-HOB1052JS,6
DRT-HOB1051JS,6
DRT-HOB1060AT,6
DRT-JLA224JS,6
DRT-HOB1114JS,6
DRT-HOB1054AT,6
DRT-HOB1074JS,6
DRT-HOB1058JS,6
DRT-HOB1095AT,6
DRT-HOB1111AT,6
DRT-HOB1050AT,6
DRT-HOB1053AT,6
DRT-HOB1079JS,6
DRT-JLA211JS,6
DRT-HOB1075AT,6
DRT-HOB1106AT,6
DRT-HOB1079AT,6
DRT-HOB1078JS,6
DRT-HOB1094AT,6
DRT-HOB1101JS,6
DRT-HOB1108JS,6
DRT-HOB1072AT,6
DRT-HOB1053JS,6
DRT-HOB1058AT,6
DRT-HOB1056JS,6
DRT-HOB1074AT,6
DRT-HOB1051AT,6
DRT-HOB1097AT,6
DRT-HOB1099JS,6
DRT-HOB1100JS,6
DRT-MRB110AT,6
DRT-MRB103AT,6
DRT-MP103JS,6
DRT-LB232JS,6
DRT-MP100AT,6
DRT-LB233JS,6
DRT-NBC251JS,6
DRT-MP103AT,6
DRT-MP118AT,6
DRT-NEC108JS,6
DRT-MP106JS,6
DRT-LB229JS,6
DRT-NEC102AT,6
DRT-MP116AT,6
DRT-MP101AT,6
DRT-NBC252JS,6
DRT-MP123JS,6
DRT-MP108AT,6
DRT-MRB109AT,6
DRT-NEC109JS,6
DRT-MP105JS,6
DRT-MP101JS,6
DRT-MP104JS,6
DRT-MP119AT,6
DRT-MP114JS,6
DRT-NBC249JS,6
DRT-NEC108AT,6
DRT-NBC692JS,6
DRT-MRB104AT,6
DRT-MP119JS,6
DRT-MP117AT,6
DRT-MRB105AT,6
DRT-MRB101JS,6
DRT-MRB102JS,6
DRT-MRB108AT,6
DRT-MRB102AT,6
DRT-MRB105JS,6
DRT-MRB109JS,6
DRT-MP122JS,6
DRT-MRB114JS,6
DRT-MP102JS,6
DRT-MP107AT,6
DRT-MP124JS,6
DRT-MP107JS,6
DRT-MRB113JS,6
DRT-MP116JS,6
DRT-MP100JS,6
DRT-MRB114AT,6
DRT-LB231JS,6
DRT-MRB112JS,6
DRT-MRB104JS,6
DRT-MP120AT,6
DRT-MP124AT,6
DRT-MP109AT,6
DRT-MP109JS,6
DRT-NBC693JS,6
DRT-MRB111JS,6
DRT-MRB101AT,6
DRT-LB230AT,6
DRT-LB229AT,6
DRT-MP102AT,6
DRT-NEC109AT,6
DRT-NBC160JS,6
DRT-MRB110JS,6
DRT-MP112JS,6
DRT-MRB103JS,6
DRT-LB232AT,6
DRT-MP104AT,6
DRT-MP114AT,6
DRT-LB233AT,6
DRT-LB189AT,6
DRT-MP113JS,6
DRT-MP122AT,6
DRT-MP115JS,6
DRT-MP113AT,6
DRT-MP117JS,6
DRT-NBC603JS,6
DRT-MRB100AT,6
DRT-MRB100JS,6
DRT-JLA393AT,6
DRT-MRB112AT,6
DRT-MRB106JS,6
DRT-MRB111AT,6
DRT-NBC601JS,6
DRT-NEC102JS,6
DRT-MP112AT,6
DRT-MP106AT,6
DRT-LB189JS,6
DRT-MP115AT,6
DRT-MP120JS,6
DRT-NBC602JS,6
DRT-MP123AT,6
DRT-MRB113AT,6
DRT-MP105AT,6
DRT-MP118JS,6
DRT-MRB107AT,6
DRT-MRB108JS,6
DRT-MRB107JS,6
DRT-MRB106AT,6
DRT-LB231AT,6
DRT-SHO211JS,6
DRT-UNI139AT,6
DRT-UNI313AT,6
DRT-UNI105AT,6
DRT-SHO208JS,6
DRT-UNI503AT,6
DRT-UNI124JS,6
DRT-SM2004BAT,6
DRT-NEC123JS,6
DRT-SHO310AT,6
DRT-PAR492AT,6
DRT-UNI337AT,6
DRT-TTS116BAT,6
DRT-SHO308AT,6
DRT-SHO310JS,6
DRT-UNI181JS,6
DRT-PAR493JS,6
DRT-PAR485AT,6
DRT-UNI503YT,6
DRT-UNI139JS,6
DRT-PAG626JS,6
DRT-WBT217JS,6
DRT-PAR493AT,6
DRT-UNI180JS,6
DRT-SM1886JS,6
DRT-WBT217AT,6
DRT-UNI301JS,6
DRT-UNI252AT,6
DRT-SHO225JS,6
DRT-SM1851AT,6
DRT-SM1894JS,6
DRT-UNI124AT,6
DRT-PAR492JS,6
DRT-UNI324JS,6
DRT-PAR461BAT,6
DRT-SHO309AT,6
DRT-SM1868JS,6
DRT-WBT178JS,6
DRT-SM1983AT,6
DRT-SM1851JS,6
DRT-WBT177JS,6
DRT-PAR485JS,6
DRT-WBT179JS,6
DRT-SM1863JS,6
DRT-SHO208AT,6
DRT-NEC123AT,6
DRT-UNI180AT,6
DRT-TTS116DAT,6
DRT-SM1130MAAT,6
DRT-SM2004BJS,6
DRT-SHO224JS,6
DRT-UNI178JS,6
DRT-SM1867JS,6
DRT-PAR461BJS,6
DRT-NEC122AT,6
DRT-WBT218AT,6
DRT-SHO312JS,6
DRT-NEC122JS,6
DRT-UNI185AT,6
DRT-UNI134AT,6
DRT-UNI252JS,6
DRT-TTS116CAT,6
DRT-SHO309JS,6
DRT-UNI135AT,6
DRT-SHO210AT,6
DRT-WBT100JS,6
DRT-UNI179AT,6
DRT-UNI135JS,6
DRT-UNI138AT,6
DRT-SM1861JS,6
DRT-SM1862JS,6
DRT-UNI324AT,6
DRT-UNI106AT,6
DRT-NEC118JS,6
DRT-SM1644CAT,6
DRT-TTS116AT,6
DRT-SHO308JS,6
DRT-WBT181JS,6
DRT-UNI282AT,6
DRT-SM1880JS,6
DRT-PAG626AT,6
DRT-UNI181AT,6
DRT-UNI185JS,6
DRT-UNI179JS,6
DRT-UNI154AT,6
DRT-UNI283AT,6
DRT-SHO312AT,6
DRT-UNI337JS,6
DRT-NEC118AT,6
DRT-SM1644BAT,6
DRT-UNI282JS,6
DRT-UNI178AT,6
DRT-UNI301AT,6
DRT-SM1130MAJS,6
DRT-UNI105JS,6
DRT-UNI106JS,6
DRT-PAR485YT,6
DRT-UNI134JS,6
DRT-SM1778,6
DRT-UNI283JS,6
DRT1-TL288AT,6
DRT-ZCI011661250,6
DRT-WMO113JS,6
DRT-WMO116AT,6
DRT-WMO107AT,6
DRT1028-PYE586AT,6
DRT-WMO106JS,6
DRT-WBT226JS,6
DRT-WMO113AT,6
DRT-WMO115JS,6
DRT1001-CBS230AT,6
DRT1013-PYE675AT,6
DRT-ZCI011663218,6
DRT1002-CBS573AT,6
DRT-WBT281AT,6
DRT-ZCI011662218,6
DRT1018-PYE584AT,6
DRT-WBT271AT,6
DRT1036-PYE638AT,6
DRT-WBT219JS,6
DRT1006-CBS576AT,6
DRT-WMO110AT,6
DRT1021-PYE607AT,6
DRT1012-PYE677AT,6
DRT-WMO103AT,6
DRT1035-PYE571AT,6
DRT-ZCI011524207,6
DRT-WMO105AT,6
DRT-ZCI011526250,6
DRT-WMO112AT,6
DRT1025-PYE124AT,6
DRT1031-PYE622AT,6
DRT-WMO112JS,6
DRT-WMO115AT,6
DRT-WMO100JS,6
DRT-WMO101AT,6
DRT1004-CBS512AT,6
DRT1034-PYE627AT,6
DRT-ZCI011528239,6
DRT102-CBS268AT,6
DRT-WMO105JS,6
DRT101-CBS460AT,6
DRT-WBT281BAT,6
DRT1020-PYE598AT,6
DRT1011-PYE682AT,6
DRT-ZCI011660250,6
DRT1009-PYE679AT,6
DRT-Z28505,6
DRT-Z28502,6
DRT103-CBS719AT,6
DRT1015-PYE616AT,6
DRT1032-PYE618AT,6
DRT1009-GSA1132AT,6
DRT1005-CBS233AT,6
DRT1037-PYE639AT,6
DRT-WMO102AT,6
DRT-WMO111AT,6
DRT-WMO111JS,6
DRT1027-PYE582AT,6
DRT1026-PYE165AT,6
DRT-WMO106AT,6
DRT-ZCI011532250,6
DRT1019-PYE100AT,6
DRT-WMO100AT,6
DRT1003-CBS232AT,6
DRT1007-GSA1126AT,6
DRT1023-PYE612AT,6
DRT1033-PYE581AT,6
DRT1010-PYE672AT,6
DRT1008-GSA1125AT,6
DRT-WMO108AT,6
DRT1014-PYE683AT,6
DRT-Z28504,6
DRT-WMO107JS,6
DRT1008-PYE650AT,6
DRT1007-PYE668AT,6
DRT-ZCI011533218,6
DRT1029-PYE620AT,6
DRT-WMO108JS,6
DRT1030-PYE623AT,6
DRT-ZCI01153121184,6
DRT-ZCI011525218,6
DRT-WMO117AT,6
DRT1000-CBS562AT,6
DRT1022-PYE611AT,6
DRT-ZCI011529236,6
DRT-WBT224JS,6
DRT-ZMP324712204B,6
DRT1017-PYE615AT,6
DRT1024-PYE613AT,6
DRT-WMO109JS,6
DRT-WMO101JS,6
DRT-ZCI011534218,6
DRT10-BM1803CAT,6
DRT-WBT218JS,6
DRT-WMO109AT,6
DRT-ZCI011530218,6
DRT-WBT223JS,6
DRT1016-PYE121BAT,6
DRT-WBT272BAT,6
DRT1039-PYE666AT,6
DRT110-CBS338AT,6
DRT1090-MON444JS,6
DRT1065-MGM153AT,6
DRT1092-MON453JS,6
DRT1079-MON312GJS,6
DRT1061-MGM152AT,6
DRT1109-NBC346JS,6
DRT1126-NBC154JS,6
DRT1088-MON454JS,6
DRT1078-MON421JS,6
DRT105-CBS553AT,6
DRT1055-MGM112AT,6
DRT1074-MON472JS,6
DRT1093-MON455JS,6
DRT1070-MON461JS,6
DRT1105-NBC146JS,6
DRT1129-PAG637JS,6
DRT1075-MON473JS,6
DRT111-CBS397AT,6
DRT109-CBS154AT,6
DRT1072-MON462JS,6
DRT1128-NBC143JS,6
DRT1110-CBS155JS,6
DRT1120-CBS756JS,6
DRT1077-MON475JS,6
DRT1057-MGM114AT,6
DRT1038-PYE648AT,6
DRT1115-CBS646JS,6
DRT1117-CBS650JS,6
DRT1114-CBS141JS,6
DRT1073-MON471JS,6
DRT1097-MON460JS,6
DRT1094-MON456JS,6
DRT1064-MGM151AT,6
DRT1052-MGM107AT,6
DRT1112-CBS248JS,6
DRT1104-CBS818JS,6
DRT1083-MON428JS,6
DRT112-CBS549AT,6
DRT1091-MON446JS,6
DRT1068-MON463JS,6
DRT1087-MON452JS,6
DRT1059-MGM118AT,6
DRT1058-MGM116AT,6
DRT1071-MON466JS,6
DRT1044-MGM140AT,6
DRT1124-CBS787JS,6
DRT1082-MON427JS,6
DRT104-CBS193AT,6
DRT1042-PYE653AT,6
DRT1096-MON458JS,6
DRT1040-PYE658AT,6
DRT1041-PYE640AT,6
DRT1103-CBS817JS,6
DRT1050-MGM145AT,6
DRT1102-CBS814JS,6
DRT1047-MGM146AT,6
DRT1113-CBS157JS,6
DRT1101-CBS815JS,6
DRT1119-CBS653JS,6
DRT1095-MON457JS,6
DRT1085-MON413JS,6
DRT1066-MGM154AT,6
DRT107-CBS231AT,6
DRT1049-MGM141AT,6
DRT1086-MON298GJS,6
DRT1098-CBS501JS,6
DRT1063-MGM150AT,6
DRT1081-MON426JS,6
DRT1084-MON429JS,6
DRT1121-CBS757JS,6
DRT1122-CBS759JS,6
DRT1076-MON474JS,6
DRT1080-MON425JS,6
DRT1051-MGM147AT,6
DRT1069-MON464JS,6
DRT1118-CBS652JS,6
DRT1053-MGM109AT,6
DRT1062-MGM149AT,6
DRT1045-MGM142AT,6
DRT1111-CBS151JS,6
DRT1125-NBC327JS,6
DRT1054-MGM110AT,6
DRT1108-NBC337JS,6
DRT1056-MGM113AT,6
DRT1048-MGM143AT,6
DRT1123-CBS773JS,6
DRT1100-CBS409JS,6
DRT1046-MGM144AT,6
DRT1106-NBC189JS,6
DRT1067-MGM159AT,6
DRT1127-NBC319JS,6
DRT1116-CBS649JS,6
DRT1043-PYE667AT,6
DRT1060-MGM155AT,6
DRT1107-NBC191JS,6
DRT108-CBS339AT,6
DRT11-BM1854AT,6
DRT1089-MON437JS,6
DRT1204-DEA449JS,6
DRT1203-DEA448JS,6
DRT114-BB119AT,6
DRT1191-DEA404JS,6
DRT121-BB370AT,6
DRT1160-PAG608JS,6
DRT1140-PAG629JS,6
DRT1147-PAG639JS,6
DRT1198-DEA423JS,6
DRT1177-DEA450JS,6
DRT1150-PAG617JS,6
DRT1192-DEA405JS,6
DRT1157-PAG578JS,6
DRT1149-PAG613JS,6
DRT1180-DEA460JS,6
DRT1196-DEA411JS,6
DRT1171-NBC239AT,6
DRT1167-NBC339JS,6
DRT1138-PAG625JS,6
DRT1212-CBS188JS,6
DRT1148-PAG611JS,6
DRT1139-PAG627JS,6
DRT116-BB349AT,6
DRT1185-DEA304JS,6
DRT1179-DEA458JS,6
DRT1178-DEA457JS,6
DRT115-BB296AT,6
DRT1155-PAG602JS,6
DRT1217-NBC149JS,6
DRT1163-PAG626JS,6
DRT1146-PAG572BJS,6
DRT1132-PAG565BJS,6
DRT1213-CBS179JS,6
DRT1175-NBC170JS,6
DRT1170-NBC257AT,6
DRT1207-EVA102JS,6
DRT1135-PAG607JS,6
DRT1134-PAG615JS,6
DRT1153-PAG601JS,6
DRT119-BB293AT,6
DRT1154-PAG599JS,6
DRT1214-NBC113JS,6
DRT1183-DEA250JS,6
DRT1201-DEA431JS,6
DRT1190-DEA356JS,6
DRT1158-PAG571JS,6
DRT122-BB581AT,6
DRT1197-DEA422JS,6
DRT120-BB694AT,6
DRT1131-PAG610JS,6
DRT1172-NBC209AT,6
DRT1162-PAG624JS,6
DRT1182-DEA406JS,6
DRT1186-DEA454JS,6
DRT1137-PAG575JS,6
DRT117-BB528AT,6
DRT1188-DEA456JS,6
DRT1211-CBS111JS,6
DRT1174-NBC171JS,6
DRT1133-PAG554JS,6
DRT1159-PAG570JS,6
DRT1169-NBC340JS,6
DRT1144-PAG530JS,6
DRT1142-PAG641JS,6
DRT1141-PAG630JS,6
DRT1173-NBC173JS,6
DRT1219-NBC120JS,6
DRT1152-PAG620JS,6
DRT1195-DEA329JS,6
DRT113-BB119AT,6
DRT1205-CBS212JS,6
DRT1194-DEA328JS,6
DRT1151-PAG619JS,6
DRT1193-DEA316BJS,6
DRT1187-DEA455JS,6
DRT1181-DEA334JS,6
DRT1215-NBC112JS,6
DRT1209-EVA109JS,6
DRT118-BB347AT,6
DRT1200-DEA442JS,6
DRT1199-DEA426JS,6
DRT1166-PAG632JS,6
DRT1145-PAG638JS,6
DRT1176-NBC168JS,6
DRT1202-DEA433JS,6
DRT1130-PAG642JS,6
DRT1161-PAG623JS,6
DRT1143-PAG506JS,6
DRT1218-NBC119JS,6
DRT1210-EVA115BJS,6
DRT1184-DEA300JS,6
DRT1216-NBC148JS,6
DRT1208-EVA104JS,6
DRT1156-PAG592JS,6
DRT1168-NBC341JS,6
DRT1189-DEA459JS,6
DRT1164-PAG628JS,6
DRT1206-EVA100JS,6
DRT1136-PAG600JS,6
DRT1165-PAG631JS,6
DRT1267-GL152AT,6
DRT1225-NBC127JS,6
DRT1265-GL165AT,6
DRT1250-CBS887JS,6
DRT1252-CBS892JS,6
DRT1293-GL140AT,6
DRT1230-CBS585JS,6
DRT1247-CBS888JS,6
DRT1223-NBC210JS,6
DRT127-BB668AT,6
DRT1260-GL176AT,6
DRT1297-GL156AT,6
DRT1237-EVA112JS,6
DRT1234-EVA103JS,6
DRT1224-NBC115JS,6
DRT1232-EVA107JS,6
DRT1253-GL124AT,6
DRT1233-EVA106JS,6
DRT1281-GL141AT,6
DRT1244-VMP115JS,6
DRT1309-GL168AT,6
DRT1308-GL145AT,6
DRT1269-GL187AT,6
DRT128-BB309AT,6
DRT1303-GL162AT,6
DRT1275-GL126AT,6
DRT1246-CBS889JS,6
DRT1254-GL129AT,6
DRT1298-GL157AT,6
DRT1272-GL186AT,6
DRT1256-GL137AT,6
DRT1301-GL160AT,6
DRT1264-GL184AT,6
DRT1292-GL136AT,6
DRT1287-GL195AT,6
DRT1306-GL143AT,6
DRT1268-GL178AT,6
DRT1251-CBS893JS,6
DRT1271-GL212AT,6
DRT1221-NBC223JS,6
DRT1229-CBS590JS,6
DRT126-BB489AT,6
DRT1263-GL182AT,6
DRT1227-CBS171JS,6
DRT1245-EVA124JS,6
DRT1239-VMP107JS,6
DRT1304-GL163AT,6
DRT1276-GL128AT,6
DRT1257-GL151AT,6
DRT1299-GL158AT,6
DRT1290-GL208AT,6
DRT1235-EVA119JS,6
DRT1283-GL144AT,6
DRT131-CBS165AT,6
DRT1289-GL205AT,6
DRT1274-GL125AT,6
DRT1277-GL130AT,6
DRT1228-CBS181JS,6
DRT125-BB367AT,6
DRT1220-NBC164JS,6
DRT1294-GL146AT,6
DRT1310-GL169AT,6
DRT1300-GL159AT,6
DRT1242-VMP111BJS,6
DRT1243-VMP112JS,6
DRT1295-GL153AT,6
DRT1261-GL177AT,6
DRT1285-GL183AT,6
DRT1249-CBS890JS,6
DRT1280-GL135AT,6
DRT1286-GL188AT,6
DRT1259-GL166AT,6
DRT1270-GL206AT,6
DRT1248-CBS891JS,6
DRT1258-GL155AT,6
DRT1296-GL154AT,6
DRT1262-GL180AT,6
DRT1291-GL211AT,6
DRT1226-NBC133JS,6
DRT1273-GL139AT,6
DRT1307-GL190AT,6
DRT1266-GL127AT,6
DRT123-BB298AT,6
DRT1288-GL199AT,6
DRT130-CBS373BAT,6
DRT124-BB483AT,6
DRT1238-EVA105BJS,6
DRT1241-VMP101JS,6
DRT1231-EVA111JS,6
DRT1278-GL132AT,6
DRT129-CBS100AT,6
DRT1279-GL133AT,6
DRT1305-GL164AT,6
DRT1302-GL161AT,6
DRT1282-GL142AT,6
DRT1236-EVA120JS,6
DRT1284-GL181AT,6
DRT1222-NBC224AT,6
DRT1255-GL131AT,6
DRT1240-VMP121JS,6
DRT1345-NBC412JS,6
DRT1377-BB376JS,6
DRT1318-NBC215JS,6
DRT1433-ELV699JS,6
DRT1429-ELV708JS,6
DRT141-ATA266AT,6
DRT1315-NBC122JS,6
DRT1338-NBC101JS,6
DRT1371-BB242JS,6
DRT1311-GL196AT,6
DRT1313-GL194AT,6
DRT1420-ELV709JS,6
DRT1321-NBC284JS,6
DRT1355-BB672JS,6
DRT1322-AE143JS,6
DRT132-CBS199AT,6
DRT1424-ELV671JS,6
DRT1383-BB251JS,6
DRT1427-ELV658JS,6
DRT1417-ELV724JS,6
DRT1316-NBC313JS,6
DRT1392-BB733JS,6
DRT1335-NBC199JS,6
DRT1331-CBS770JS,6
DRT1421-ELV688JS,6
DRT135-CBS124AT,6
DRT1320-NBC231JS,6
DRT1382-BB530JS,6
DRT1332-CBS808JS,6
DRT1328-CBS765JS,6
DRT1337-NBC347JS,6
DRT1343-NBC335JS,6
DRT137-CBS120AT,6
DRT1323-AE152JS,6
DRT1330-CBS768JS,6
DRT1387-BB253JS,6
DRT1380-BB462JS,6
DRT1339-NBC179JS,6
DRT143-GSA940AT,6
DRT1365-BB526JS,6
DRT1336-NBC206JS,6
DRT1341-NBC316JS,6
DRT1366-BB250JS,6
DRT14-BM1814AT,6
DRT1350-BB674JS,6
DRT1329-CBS766JS,6
DRT1312-GL198AT,6
DRT1319-NBC217JS,6
DRT1391-BB736JS,6
DRT1425-ELV664JS,6
DRT1346-NBC425JS,6
DRT1362-BB607JS,6
DRT1436-ELV694JS,6
DRT1400-BB727JS,6
DRT1389-BB602JS,6
DRT1324-AE168JS,6
DRT1325-CBS106JS,6
DRT136-CBS128AT,6
DRT1422-ELV687JS,6
DRT1430-ELV707JS,6
DRT1418-ELV717JS,6
DRT1397-BB730JS,6
DRT1388-BB609JS,6
DRT1317-NBC207JS,6
DRT1326-CBS185JS,6
DRT1428-ELV197JS,6
DRT1340-NBC309JS,6
DRT1344-NBC411JS,6
DRT1342-NBC334JS,6
DRT1431-ELV705JS,6
DRT1432-ELV702JS,6
DRT1435-ELV697JS,6
DRT1419-ELV714JS,6
DRT142-ATA932AT,6
DRT1327-CBS186JS,6
DRT1381-TLTSH220JS,6
DRT1407-BB347JS,6
DRT1314-GL204AT,6
DRT1437-ELV568JS,6
DRT1426-ELV661AT,6
DRT1438-ELV282JS,6
DRT1349-BB690CJS,6
DRT1353-BB680JS,6
DRT1354-BB677JS,6
DRT1409-BB668JS,6
DRT1404-BB722AT,6
DRT1372-BB646JS,6
DRT1374-BB514JS,6
DRT1394-BB735JS,6
DRT1413-BB298JS,6
DRT133-CBS113AT,6
DRT140-CBS109AT,6
DRT138-CBS106AT,6
DRT1412-BB293JS,6
DRT1393-BB734JS,6
DRT1358-BB368JS,6
DRT1423-ELV673JS,6
DRT139-CBS252AT,6
DRT1434-ELV698JS,6
DRT1373-BB624JS,6
DRT1519-GS1506AT,6
DRT1524-GSA479AT,6
DRT1522-GS1510AT,6
DRT1470-ELV382JS,6
DRT1467-ELV730JS,6
DRT1443-ELV104JS,6
DRT1461-ELV416JS,6
DRT1456-ELV727JS,6
DRT1514-ATA1332AT,6
DRT1445-ELV103JS,6
DRT1448-ELV109JS,6
DRT1527-GSA476AT,6
DRT1471-ELV284JS,6
DRT1508-GSJ179AT,6
DRT1441-ELV514JS,6
DRT1529-GSA488AT,6
DRT1507-ATA482AT,6
DRT1509-GSJ179JS,6
DRT1488-GSA1042AT,6
DRT144-GSA660AT,6
DRT1446-ELV602JS,6
DRT151-GSA486AT,6
DRT1487-GSA1060AT,6
DRT1469-ELV731JS,6
DRT1505-ATA2300AT,6
DRT1516-GS811AT,6
DRT1481-GSA102AT,6
DRT1479-GSA1047AT,6
DRT1444-ELV308JS,6
DRT1476-ATA2696AT,6
DRT1440-ELV374JS,6
DRT1518-GS1504JS,6
DRT1454-ELV725JS,6
DRT1528-GSA637AT,6
DRT146-GSA821AT,6
DRT1465-ELV577JS,6
DRT1517-GS1454AT,6
DRT1513-ATA328AT,6
DRT1439-ELV283JS,6
DRT1502-ATA2053AT,6
DRT1475-ATA2695AT,6
DRT1442-ELV132JS,6
DRT1468-ELV732JS,6
DRT1477-GSA1045AT,6
DRT1496-GSA354AT,6
DRT1450-ELV221JS,6
DRT1459-ELV218JS,6
DRT1492-GSA1143AT,6
DRT1462-ELV518JS,6
DRT1506-ATA2298JS,6
DRT1473-ELV359JS,6
DRT1526-GSA477AT,6
DRT1458-ELV365JS,6
DRT145-GSA1024AT,6
DRT1520-GS1506JS,6
DRT1455-ELV726JS,6
DRT1453-ELV108JS,6
DRT1511-ATJ257JS,6
DRT1447-ELV131JS,6
DRT152-GSA771AT,6
DRT1485-GSA1140AT,6
DRT1489-GSA1142AT,6
DRT1478-GSA1046,6
DRT149-GSA1025AT,6
DRT1504-ATA2258AT,6
DRT1451-ELV205JS,6
DRT1530-ATA2193AT,6
DRT1525-GSA480AT,6
DRT1460-ELV598JS,6
DRT1464-ELV515JS,6
DRT1498-GSJ176JS,6
DRT1512-GSY114YT,6
DRT1494-GSA518AT,6
DRT1463-ELV157JS,6
DRT1486-GSA1141AT,6
DRT1515-GS1552AT,6
DRT1501-GSA586AT,6
DRT1510-ATJ257AT,6
DRT1500-ATA441AT,6
DRT150-ATA1145AT,6
DRT153-BM1854YT,6
DRT1521-GS1507JS,6
DRT15-BM1387AT,6
DRT1474-ELV165JS,6
DRT1495-ATA2423JS,6
DRT1497-ATA319AT,6
DRT1503-ATA2274AT,6
DRT1452-ELV521JS,6
DRT1493-GS489AT,6
DRT1472-ELV290JS,6
DRT1490-GSA1142JS,6
DRT1457-ELV403JS,6
DRT1491-GSA1143AT,6
DRT1449-ELV448JS,6
DRT1499-ATA542AT,6
DRT1483-GSA1138AT,6
DRT1482-GSA105AT,6
DRT1484-GSA1139AT,6
DRT1523-GSA478AT,6
DRT1444-ELV106JS,6
DRT1612-GSA1093DSS,6
DRT1613-GSA1093ESS,6
DRT1545-ATA266DSS,6
DRT1578-GSA1077FSS,6
DRT1538-GSA895AT,6
DRT1600-GSA1086DSS,6
DRT154-BM1387YT,6
DRT1617-GSA1094CSS,6
DRT1588-GSA1082DSS,6
DRT1603-GSA1086SS,6
DRT1601-GSA1086ESS,6
DRT1572-GSA1073FSS,6
DRT1574-GSA1077BSS,6
DRT16-BM1823AT,6
DRT1571-GSA1073ESS,6
DRT1576-GSA1077DSS,6
DRT1550-GSA1066BSS,6
DRT1575-GSA1077CSS,6
DRT1579-GSA1077SS,6
DRT157-BM1757YT,6
DRT1551-GSA1066CSS,6
DRT1544-ATA266CSS,6
DRT1599-GSA1086CSS,6
DRT1539-GSA782AT,6
DRT1546-ATA266ESS,6
DRT1548-ATA266SS,6
DRT1531-GSA869AT,6
DRT1558-GSA1068DSS,6
DRT161-BM1761YT,6
DRT1589-GSA1082ESS,6
DRT1598-GSA1086BSS,6
DRT159-CBS218AT,6
DRT1577-GSA1077ESS,6
DRT1592-GSA1084BSS,6
DRT1622-GSA1096BSS,6
DRT1610-GSA1093BSS,6
DRT1604-GSA1091BSS,6
DRT1549-ATA2567BSS,6
DRT1560-GSA1068FSS,6
DRT1611-GSA1093CSS,6
DRT1602-GSA1086FSS,6
DRT158-BM1541YT,6
DRT160-BM1317YT,6
DRT1614-GSA1093FSS,6
DRT1536-GSA442AT,6
DRT1620-GSA1094FSS,6
DRT1540-ATA2188AT,6
DRT1561-GSA1068SS,6
DRT1593-GSA1084CSS,6
DRT1565-GSA1071ESS,6
DRT1581-GSA1078CSS,6
DRT1619-GSA1094ESS,6
DRT1547-ATA266FSS,6
DRT1605-GSA1091CSS,6
DRT1597-GSA1084SS,6
DRT1573-GSA1073SS,6
DRT1585-GSA1078SS,6
DRT1607-GSA1091ESS,6
DRT1534-GSA417AT,6
DRT1583-GSA1078ESS,6
DRT1563-GSA1071CSS,6
DRT1569-GSA1073CSS,6
DRT1618-GSA1094DSS,6
DRT1543-ATA266BSS,6
DRT1568-GSA1073BSS,6
DRT1570-GSA1073DSS,6
DRT1587-GSA1082CSS,6
DRT1609-GSA1091SS,6
DRT1559-GSA1068ESS,6
DRT1594-GSA1084DSS,6
DRT1584-GSA1078FSS,6
DRT1606-GSA1091DSS,6
DRT1586-GSA1082BSS,6
DRT1595-GSA1084ESS,6
DRT1537-GSA779AT,6
DRT1615-GSA1093SS,6
DRT1541-ATA2624AT,6
DRT162-BM142KT,6
DRT1556-GSA1068BSS,6
DRT1621-GSA1094SS,6
DRT1582-GSA1078DSS,6
DRT1616-GSA1094BSS,6
DRT1542-ATA364AT,6
DRT155-BM1826YT,6
DRT1591-GSA1082SS,6
DRT1554-GSA1066FSS,6
DRT1532-GSA319AT,6
DRT1564-GSA1071DSS,6
DRT1557-GSA1068CSS,6
DRT1608-GSA1091FSS,6
DRT1553-GSA1066ESS,6
DRT1590-GSA1082FSS,6
DRT1562-GSA1071BSS,6
DRT1580-GSA1078BSS,6
DRT1596-GSA1084FSS,6
DRT1555-GSA1066SS,6
DRT1535-GSA578AT,6
DRT1567-GSA1071SS,6
DRT1552-GSA1066DSS,6
DRT1566-GSA1071FSS,6
DRT1719-GL212TT,6
DRT1657-CA101AT,6
DRT1644-GSA1109BSS,6
DRT1715-GL152TT,6
DRT1679-IDJ105AT,6
DRT1658-CA102AT,6
DRT168-BM1318KT,6
DRT1710-GL180TT,6
DRT1676-IDJ102AT,6
DRT1655-GSA1110SS,6
DRT1632-GSA1101FSS,6
DRT1698-BW100JS,6
DRT1693-BW104AT,6
DRT1695-BW106AT,6
DRT170-BM1788KT,6
DRT1627-GSA1096SS,6
DRT1664-CA110AT,6
DRT1680-IDJ106AT,6
DRT1652-GSA1110DSS,6
DRT1624-GSA1096DSS,6
DRT1690-BW101AT,6
DRT1709-GL166TT,6
DRT166-BM1657KT,6
DRT1650-GSA1110BSS,6
DRT1718-GL206TT,6
DRT1712-GL184TT,6
DRT1722-GL125TT,6
DRT1670-CA109JS,6
DRT1694-BW105AT,6
DRT17-BM1385AT,6
DRT1633-GSA1101SS,6
DRT1720-GL186TT,6
DRT1628-GSA1101BSS,6
DRT1626-GSA1096FSS,6
DRT164-BM1757KT,6
DRT169-BM1653KT,6
DRT1665-CA105JS,6
DRT1675-IDJ101AT,6
DRT1656-EVA126AT,6
DRT1623-GSA1096CSS,6
DRT167-BM1682KT,6
DRT1645-GSA1109CSS,6
DRT1660-CA106AT,6
DRT1701-BW103JS,6
DRT1696-BW107AT,6
DRT1688-IDJ106JS,6
DRT1714-GL127TT,6
DRT1669-CA110JS,6
DRT1672-CA106JS,6
DRT1716-GL178TT,6
DRT1691-BW102AT,6
DRT1684-IDJ102JS,6
DRT1682-IDJ100JS,6
DRT1692-BW103AT,6
DRT1662-CA108AT,6
DRT1702-BW104JS,6
DRT1686-IDJ104JS,6
DRT1631-GSA1101ESS,6
DRT1666-CA101JS,6
DRT1697-BW108AT,6
DRT1630-GSA1101DSS,6
DRT1647-GSA1109ESS,6
DRT1659-CA104AT,6
DRT1723-GL128TT,6
DRT171-BB670JS,6
DRT1706-GL131TT,6
DRT1629-GSA1101CSS,6
DRT1673-CA102JS,6
DRT1683-IDJ101JS,6
DRT1705-GL129TT,6
DRT172-BB670AT,6
DRT1677-IDJ103AT,6
DRT1668-CA104JS,6
DRT1689-BW100AT,6
DRT165-BM1845KT,6
DRT1699-BW101JS,6
DRT1646-GSA1109DSS,6
DRT1685-IDJ103JS,6
DRT1687-IDJ105JS,6
DRT1653-GSA1110ESS,6
DRT1648-GSA1109FSS,6
DRT1663-CA109AT,6
DRT1713-GL165TT,6
DRT1700-BW102JS,6
DRT1721-GL139TT,6
DRT1651-GSA1110CSS,6
DRT163-BM1854KT,6
DRT1711-GL182TT,6
DRT1678-IDJ104AT,6
DRT1717-GL187TT,6
DRT1708-GL151TT,6
DRT1674-IDJ100AT,6
DRT1654-GSA1110FSS,6
DRT1704-BW106JS,6
DRT1681-IDJ107AT,6
DRT1649-GSA1109SS,6
DRT1625-GSA1096ESS,6
DRT1707-GL137TT,6
DRT1703-BW105JS,6
DRT1671-CA108JS,6
DRT1733-GL188TT,6
DRT1810-BM1909YT,6
DRT1805-BM1621YT,6
DRT1781-BM1838TT,6
DRT1768-SM1818TT,6
DRT1767-SM1812TT,6
DRT176-BB489JS,6
DRT1766-SM1808TT,6
DRT1748-GL104TT,6
DRT1761-JLA249TT,6
DRT1796-AE150YT,6
DRT173-BB542JS,6
DRT179-DCO119BAR,6
DRT1724-GL130TT,6
DRT1803-BM1619YT,6
DRT1753-GL209TT,6
DRT1804-BM1620YT,6
DRT1798-AE174YT,6
DRT177-CBS496JS,6
DRT1800-BM1274YT,6
DRT1745-GL204TT,6
DRT1725-GL132TT,6
DRT1738-GL211TT,6
DRT1794-AE185YT,6
DRT1786-BM1891TT,6
DRT1782-BM1886TT,6
DRT1764-SM1802TT,6
DRT1757-JLA204TT,6
DRT1788-BM1920TT,6
DRT1778-BM1855TT,6
DRT1728-GL141TT,6
DRT1774-BM1654TT,6
DRT1751-GL119TT,6
DRT1769-SM1820TT,6
DRT1763-SM1798TT,6
DRT1741-GL190TT,6
DRT1771-SM1652TT,6
DRT1737-GL208TT,6
DRT1760-JLA230TT,6
DRT1736-GL205TT,6
DRT18-BM1679AT,6
DRT1795-AE172YT,6
DRT1791-BM1930TT,6
DRT1747-GL100TT,6
DRT1780-BM1860TT,6
DRT1726-GL133TT,6
DRT181-DCO264BAR,6
DRT1740-GL143TT,6
DRT1750-GL111TT,6
DRT178-CBS255JS,6
DRT1743-GL169TT,6
DRT1777-BM1862TT,6
DRT1790-BM1924TT,6
DRT1784-BM1888TT,6
DRT1762-SM1811TT,6
DRT1776-BM1903TT,6
DRT1735-GL199TT,6
DRT1793-AE136YT,6
DRT1756-JLA164TT,6
DRT1729-GL142TT,6
DRT1811-BM1910YT,6
DRT1787-BM1902TT,6
DRT1772-SM1718TT,6
DRT1775-BM1660TT,6
DRT1806-BM1905YT,6
DRT1758-JLA239TT,6
DRT1792-BM1931TT,6
DRT1746-DCO138TT,6
DRT1783-BM1887TT,6
DRT1765-SM1803TT,6
DRT1789-BM1921TT,6
DRT1759-GL126TT,6
DRT1807-BM1906YT,6
DRT1779-BM1859TT,6
DRT180-DCO138AT,6
DRT175-BB516JS,6
DRT1734-GL195TT,6
DRT1809-BM1908YT,6
DRT1801-BM1789YT,6
DRT1773-SM1809TT,6
DRT174-BB349JS,6
DRT1770-SM1824TT,6
DRT1789-BM1921AT,6
DRT1785-BM1890TT,6
DRT1797-AE173YT,6
DRT1731-GL181TT,6
DRT1749-GL108TT,6
DRT1813-BM1912YT,6
DRT1754-GL210TT,6
DRT1752-GL121TT,6
DRT1744-GL194TT,6
DRT1730-GL144TT,6
DRT1727-GL135TT,6
DRT1732-GL183TT,6
DRT1755-JLA146TT,6
DRT1802-BM1923YT,6
DRT1799-AE187YT,6
DRT1739-GL124TT,6
DRT1812-BM1911YT,6
DRT1742-GL168TT,6
DRT1853-MIR112AT,6
DRT1909-DCR107AT,6
DRT1907-AXE101AT,6
DRT1824-GL122YT,6
DRT1829-JLA122YT,6
DRT1857-CBS366AT,6
DRT1838-SM1733YT,6
DRT19-BM1215AT,6
DRT1903-AXE102AT,6
DRT1837-SM1459YT,6
DRT184-GL104AT,6
DRT1815-BM1914YT,6
DRT1816-BM1791YT,6
DRT1859-CBS368AT,6
DRT1871-FAR103AT,6
DRT1849-MIR107AT,6
DRT1834-SM1455YT,6
DRT1912-DCR116AT,6
DRT1904-AXE109AT,6
DRT1873-FAR105AT,6
DRT1917-DCR114AT,6
DRT1877-FAR109AT,6
DRT186-GL111AT,6
DRT190-GL210AT,6
DRT1885-FAR118AT,6
DRT1881-FAR113AT,6
DRT191-JLA104AT,6
DRT189-GL209AT,6
DRT1879-FAR111AT,6
DRT183-GL100AT,6
DRT1858-CBS367AT,6
DRT1876-FAR108AT,6
DRT1817-BM1809YT,6
DRT1866-CBS713AT,6
DRT1836-SM1458YT,6
DRT1833-SM259YT,6
DRT1864-CBS678AT,6
DRT1851-MIR110AT,6
DRT1823-GL111YT,6
DRT1843-MIR100AT,6
DRT1880-FAR112AT,6
DRT1883-FAR116AT,6
DRT1915-DCR117AT,6
DRT1913-DCR119AT,6
DRT1882-FAR115AT,6
DRT1850-MIR109AT,6
DRT1916-DCR112AT,6
DRT1862-CBS371AT,6
DRT1819-BM1866YT,6
DRT1868-FAR100AT,6
DRT1910-DCR109AT,6
DRT1844-MIR101AT,6
DRT1841-SM1809YT,6
DRT1887-FAR122AT,6
DRT1835-SM1456YT,6
DRT1906-AXE100AT,6
DRT1860-CBS369AT,6
DRT1830-JLA147YT,6
DRT1825-GL123YT,6
DRT1840-SM1799YT,6
DRT1856-CBS197AT,6
DRT182-DCO435BAT,6
DRT1839-SM1798YT,6
DRT1854-MIR113AT,6
DRT1863-CBS378BAT,6
DRT1828-GL209YT,6
DRT1874-FAR106AT,6
DRT1846-MIR104AT,6
DRT1869-FAR101AT,6
DRT1831-JLA227YT,6
DRT1911-DCR104AT,6
DRT1848-MIR106AT,6
DRT1905-AXE110AT,6
DRT1870-FAR102AT,6
DRT1827-GL174YT,6
DRT1865-CBS712AT,6
DRT185-GL108AT,6
DRT187-GL119AT,6
DRT1884-FAR117AT,6
DRT1878-FAR110AT,6
DRT1855-CBS189AT,6
DRT1914-DCR108AT,6
DRT188-GL121AT,6
DRT1821-BM1893YT,6
DRT1814-BM1913YT,6
DRT1820-BM1892BYT,6
DRT1826-GL147YT,6
DRT1822-BM1895YT,6
DRT1875-FAR107AT,6
DRT1842-SM1811YT,6
DRT1861-CBS370AT,6
DRT1845-MIR102AT,6
DRT1908-DCR100AT,6
DRT1886-FAR120AT,6
DRT1832-JLA254YT,6
DRT1818-BM1825YT,6
DRT1847-MIR105AT,6
DRT1867-CBS722AT,6
DRT1872-FAR104AT,6
DRT1852-MIR111AT,6
DRT1965-LOR3000AT,6
DRT1933-SHO201AT,6
DRT1970-LOR3003AT,6
DRT1938-WBM124AT,6
DRT1984-LOR3011AT,6
DRT1975-LOR2008AT,6
DRT1976-LOR2009AT,6
DRT1989-LOR1005AT,6
DRT1957-LOR3012AT,6
DRT2000-BM2115BAR,6
DRT2002-DCO146BAR,6
DRT1999-BM1904AR,6
DRT1963-LOR1029AT,6
DRT1951-LOR1026AT,6
DRT2006-DCO538CAR,6
DRT1922-DCR110AT,6
DRT2001-DCO136BAR,6
DRT194-JLA146AT,6
DRT1964-LOR2000AT,6
DRT1978-LOR2010AT,6
DRT195-JLA164AT,6
DRT2003-DCO209CAR,6
DRT1958-LOR1017AT,6
DRT1987-LOR1003AT,6
DRT1946-LOR1010AT,6
DRT1945-WBT181AT,6
DRT1925-DCR120AT,6
DRT200-AC114AT,6
DRT198-AC100AT,6
DRT196-JLA204AT,6
DRT1988-LOR1004AT,6
DRT1983-LOR3010AT,6
DRT2007-DCO559BAR,6
DRT1971-LOR2006AT,6
DRT193-JLA137AT,6
DRT1991-LOR3017AT,6
DRT1934-SHO198AT,6
DRT199-AC111AT,6
DRT1949-LOR1024AT,6
DRT1926-DCR102AT,6
DRT1953-LOR3014AT,6
DRT1997-LOR1021AT,6
DRT1960-LOR1022AT,6
DRT1973-LOR2007AT,6
DRT2005-DCO528AR,6
DRT197-JLA239AT,6
DRT1998-BM1281CAR,6
DRT1969-LOR2005AT,6
DRT1996-LOR3015AT,6
DRT1947-LOR1011AT,6
DRT1959-LOR3013AT,6
DRT1952-LOR1013AT,6
DRT1936-WBM119AT,6
DRT1986-LOR1002AT,6
DRT1923-DCR111AT,6
DRT1932-SHO196AT,6
DRT201-AC119AT,6
DRT1977-LOR3006AT,6
DRT2009-DCO596AR,6
DRT1974-LOR3005AT,6
DRT1995-LOR1009AT,6
DRT1918-DCR101AT,6
DRT1972-3004AT,6
DRT1956-LOR1016AT,6
DRT1935-WBM120AT,6
DRT1954-LOR1014AT,6
DRT1944-WBT179AT,6
DRT2008-DCO575BAR,6
DRT1948-LOR1012AT,6
DRT1992-LOR1007AT,6
DRT1985-LOR1001AT,6
DRT1982-LOR3009AT,6
DRT1943-WBT178AT,6
DRT192-JLA123AT,6
DRT1990-LOR1006AT,6
DRT1939-WBM125AT,6
DRT1921-DCR106AT,6
DRT2004-DCO527AR,6
DRT1968-LOR2004AT,6
DRT1980-LOR2011AT,6
DRT1931-SHO226AT,6
DRT1966-LOR2003AT,6
DRT1981-LOR3008AT,6
DRT1928-DCR115AT,6
DRT1979-LOR3007AT,6
DRT1961-LOR1023AT,6
DRT1962-LOR1027AT,6
DRT1919-DCR103AT,6
DRT1920-DCR105AT,6
DRT1927-DCR113AT,6
DRT1930-SHO225AT,6
DRT1950-LOR1025AT,6
DRT2-BM1758BAT,6
DRT1994-LOR1008AT,6
DRT1924-DCR118AT,6
DRT1967-LOR3002AT,6
DRT1993-LOR3016AT,6
DRT1929-SHO224AT,6
DRT1955-LOR1015AT,6
DRT1942-WBT177AT,6
DRT2068-AE144AT,6
DRT2063-AE272AT,6
DRT2059-WBM101AT,6
DRT2013-SM1896BAR,6
DRT2075-CHQ106AT,6
DRT2015-PAR110AT,6
DRT2085-AE324AT,6
DRT2069-AE182AT,6
DRT2041-PAR219AT,6
DRT2018-PAR118AT,6
DRT2093-WBM208AT,6
DRT2083-AE322AT,6
DRT208-PAG642AT,6
DRT2066-AE279AT,6
DRT2039-PAR236AT,6
DRT2090-AE329AT,6
DRT207-PAG637AT,6
DRT2098-WBM117AT,6
DRT2052-NBC602AT,6
DRT2024-PAR152AT,6
DRT205-AC118AT,6
DRT2040-PAR218AT,6
DRT2026-PAR145AT,6
DRT2070-CHQ117AT,6
DRT2081-AE283AT,6
DRT2060-WBM200AT,6
DRT2077-CHQ110AT,6
DRT2080-AE282AT,6
DRT2031-PAR285AT,6
DRT2082-AE305AT,6
DRT2055-SHO223AT,6
DRT2095-WBM211AT,6
DRT2014-PAR109AT,6
DRT209-PAG610AT,6
DRT2062-WBM114AT,6
DRT2023-PAR138AT,6
DRT203-AC117AT,6
DRT2094-WBM209AT,6
DRT2079-AE270AT,6
DRT2076-CHQ107AT,6
DRT2074-CHQ104AT,6
DRT2053-NBC603AT,6
DRT204-AC146AT,6
DRT202-AC103AT,6
DRT2054-SHO221AT,6
DRT2072-CHQ102AT,6
DRT2010-JLA228BAR,6
DRT2037-PAR234AT,6
DRT210-PAG595AT,6
DRT2097-WBM116AT,6
DRT2033-PAR201AT,6
DRT2067-AE280AT,6
DRT2017-PAR126AT,6
DRT2044-PAR251AT,6
DRT2092-AE331AT,6
DRT2020-PAR153AT,6
DRT2030-PAR281AT,6
DRT2046-WBM215AT,6
DRT2057-SHO206AT,6
DRT2084-AE323AT,6
DRT2048-SHO202AT,6
DRT2096-WBM216AT,6
DRT2035-PAR255AT,6
DRT2065-AE275AT,6
DRT2051-NBC601AT,6
DRT2047-SHO195AT,6
DRT206-AC112JS,6
DRT2036-PAR214AT,6
DRT2056-SHO205AT,6
DRT2058-SHO229AT,6
DRT2025-PAR144AT,6
DRT2011-JLA229BAR,6
DRT2078-CHQ115AT,6
DRT2012-JLA316CAR,6
DRT2028-PAR147AT,6
DRT2034-PAR208AT,6
DRT2042-PAR222AT,6
DRT2064-AE274AT,6
DRT2049-SHO211AT,6
DRT2019-PAR123AT,6
DRT2016-PAR115AT,6
DRT2099-WBM118AT,6
DRT2073-CHQ103AT,6
DRT2027-PAR146AT,6
DRT2086-AE325AT,6
DRT21-BM1500AT,6
DRT2022-PAR137AT,6
DRT2050-SHO253AT,6
DRT2089-AE328AT,6
DRT2038-PAR235AT,6
DRT2021-PAR136AT,6
DRT2045-WBM212AT,6
DRT2061-WBT100AT,6
DRT2088-AE327AT,6
DRT2087-AE326AT,6
DRT2032-PAR200AT,6
DRT2071-CHQ100AT,6
DRT2043-PAR241AT,6
DRT2091-AE330AT,6
DRT2029-PAR148AT,6
DRT2167-BM2031AT,6
DRT2232-ST107AT,6
DRT226-SPA108AT,6
DRT2179-BM2088AT,6
DRT2111-UNI107AT,6
DRT2105-WBM258AT,6
DRT2230-ST103AT,6
DRT2101-WBM259AT,6
DRT215-DRL132AT,6
DRT2116-UNI142AT,6
DRT2106-WBM261AT,6
DRT2220-SNL138AT,6
DRT2225-SNL147AT,6
DRT2216-SNL130AT,6
DRT2249-FH101AT,6
DRT2152-UNI201AT,6
DRT225-SPA106AT,6
DRT2170-BM2036AT,6
DRT2155-UNI204AT,6
DRT2107-WBM262AT,6
DRT2213-SNL118AT,6
DRT2182-BM2091AT,6
DRT214-DRL102AT,6
DRT2172-BM2047AT,6
DRT2219-SNL137AT,6
DRT2168-BM2032AT,6
DRT2117-UNI206AT,6
DRT2221-SNL139AT,6
DRT2104-WBM257AT,6
DRT2212-SNL107AT,6
DRT2113-UNI380AT,6
DRT2185-BM2105AT,6
DRT212-DRL113AT,6
DRT2108-WBM263AT,6
DRT2110-WBM265AT,6
DRT2154-UNI211AT,6
DRT217-DRL134AT,6
DRT213-DRL100AT,6
DRT2222-SNL140AT,6
DRT2115-UNI159AT,6
DRT222-EVA115BAT,6
DRT22-BM1850AT,6
DRT2169-BM2033AT,6
DRT2218-SNL135AT,6
DRT2109-UNI108AT,6
DRT2102-WBM260AT,6
DRT2118-UNI221AT,6
DRT2180-BM2089AT,6
DRT2174-BM2049AT,6
DRT2181-BM2090AT,6
DRT2137-UNI321AT,6
DRT2227-SNL159AT,6
DRT2184-BM2104AT,6
DRT2175-BM2052AT,6
DRT2114-UNI131AT,6
DRT2239-CBS1087AT,6
DRT2231-ST105AT,6
DRT2217-SNL131AT,6
DRT2103-WBM256AT,6
DRT2248-FH100AT,6
DRT2226-SNL158AT,6
DRT2171-BM2046AT,6
DRT2178-BM2086AT,6
DRT2238-CBS1086AT,6
DRT2109-WBM264AT,6
DRT2153-UNI222AT,6
DRT2228-ST100AT,6
DRT2229-ST102AT,6
DRT2215-SNL127AT,6
DRT2173-BM2048AT,6
DRT2186-BM2107AT,6
DRT2100-WBM100AT,6
DRT2136-UNI381AT,6
DRT2183-BM2103AT,6
DRT2235-ST113AT,6
DRT218-EVA100AT,6
DRT2211-SNL106AT,6
DRT2110-UNI225AT,6
DRT220-EVA104AT,6
DRT2210-SNL103AT,6
DRT2176-BM2061AT,6
DRT224-SPA115AT,6
DRT2234-ST112AT,6
DRT219-EVA102AT,6
DRT2236-ST114AT,6
DRT228-SPA100AT,6
DRT2250-FH102AT,6
DRT211-PAG554AT,6
DRT2112-UNI265AT,6
DRT2233-ST110AT,6
DRT2214-SNL124AT,6
DRT2244-WBT219AT,6
DRT2223-SNL145AT,6
DRT223-SPA116AT,6
DRT221-EVA109AT,6
DRT227-SPA102AT,6
DRT2138-UNI388AT,6
DRT2119-UNI281AT,6
DRT216-DRL123AT,6
DRT2237-CBS1083AT,6
DRT314-GAR132B,6
DRT262-MGM125AT,6
DRT260-MGM124AT,6
DRT264-MGM105AT,6
DRT278-JLA230AT,6
DRT242-PYE671AT,6
DRT261-MGM103AT,6
DRT281-SM1411AT,6
DRT29-CBS502AT,6
DRT246-DKC105AT,6
DRT311-GAR187AT,6
DRT236-PYE609AT,6
DRT31-CBS548AT,6
DRT318-GAR240BAT,6
DRT238-PYE585AT,6
DRT28-CBS461AT,6
DRT239-PYE657AT,6
DRT282-SM1811AT,6
DRT232-SPD115AT,6
DRT263-MGM130AT,6
DRT244-DKC101AT,6
DRT284-SM1802AT,6
DRT290-SM1820AT,6
DRT254-DKC117AT,6
DRT25-BM1842AT,6
DRT235-PYE599AT,6
DRT293-SM1733AT,6
DRT234-SPD119AT,6
DRT294-SM1721AT,6
DRT265-MGM108AT,6
DRT250-DKC111AT,6
DRT287-SM1812AT,6
DRT271-MGM121AT,6
DRT319-DCO116AT,6
DRT308-LAB100AT,6
DRT279-JLA249AT,6
DRT24-BM1492AT,6
DRT291-SM1824AT,6
DRT270-MGM106AT,6
DRT247-DKC102AT,6
DRT289-SM1818AT,6
DRT237-PYE608AT,6
DRT286-SM1808AT,6
DRT27-CBS107AT,6
DRT243-DKC100AT,6
DRT249-DKC107AT,6
DRT32-CBS115AT,6
DRT241-PYE628AT,6
DRT268-MGM120CAT,6
DRT316-GAR339AT,6
DRT230-SPD111AT,6
DRT317-GAR336AT,6
DRT320-DCO129AT,6
DRT274-DCO148AT,6
DRT288-SM1813AT,6
DRT298-SM1713AT,6
DRT233-SPD116AT,6
DRT297-SM1718AT,6
DRT300-SM1714AT,6
DRT272-DCO315AT,6
DRT304-SM1780AT,6
DRT275-DCO168AT,6
DRT305-SM1809AT,6
DRT269-MGM129AT,6
DRT30-CBS108AT,6
DRT259-MGM102AT,6
DRT253-DKC114AT,6
DRT312-GAR462AT,6
DRT280-JLA148AT,6
DRT302-SM1771AT,6
DRT296-SM1717AT,6
DRT256-MGM101AT,6
DRT240-PYE610AT,6
DRT292-SM1823AT,6
DRT255-DKC115AT,6
DRT307-LAB132AT,6
DRT295-SM1652AT,6
DRT283-SM1798AT,6
DRT258-MGM100AT,6
DRT276-DCO148CAT,6
DRT245-DKC104AT,6
DRT310-LAB119AT,6
DRT231-SPD112AT,6
DRT229-SPD132AT,6
DRT303-SM1777AT,6
DRT273-DCO265CAT,6
DRT26-CBS114AT,6
DRT315-GAR379AT,6
DRT257-MGM104AT,6
DRT267-MGM135AT,6
DRT285-SM1803AT,6
DRT306-LAB130AT,6
DRT277-DCO383AT,6
DRT309-LAB102AT,6
DRT266-MGM119AT,6
DRT301-SM1737AT,6
DRT299-SM1735AT,6
DRT252-DKC113AT,6
DRT251-DKC112AT,6
DRT248-DKC106AT,6
DRT402-BSG106AT,6
DRT398-AE172AT,6
DRT38-ALI105AT,6
DRT377-CBS287AT,6
DRT383-CBS890AT,6
DRT374-CBS117AT,6
DRT395-AE174AT,6
DRT368-CBS250AT,6
DRT321-DCO438AT,6
DRT412-NBC149AT,6
DRT361-CBS188AT,6
DRT322-DCO214AT,6
DRT360-CBS111AT,6
DRT4-BM1553AT,6
DRT376-CBS176AT,6
DRT406-BSG178AT,6
DRT392-AE141AT,6
DRT385-CBS808AT,6
DRT411-NBC148AT,6
DRT328-JLA175AT,6
DRT330-JLA173AT,6
DRT349-AE163AT,6
DRT380-CBS892AT,6
DRT378-CBS223AT,6
DRT354-AE168AT,6
DRT359-CBS756AT,6
DRT404-BSG109AT,6
DRT399-AE185AT,6
DRT382-CBS887AT,6
DRT358-CBS151AT,6
DRT384-CBS891AT,6
DRT335-JLA297AT,6
DRT347-DCO141AT,6
DRT350-AE134AT,6
DRT388-CBS767AT,6
DRT373-CBS289AT,6
DRT339-JLA118AT,6
DRT389-CBS765AT,6
DRT355-CBS131AT,6
DRT323-DCO177AT,6
DRT340-JLA136AT,6
DRT324-DCO104AT,6
DRT34-CBS677AT,6
DRT363-CBS879AT,6
DRT391-CBS770AT,6
DRT393-AE100CAT,6
DRT386-CBS186AT,6
DRT348-LAB124AT,6
DRT343-JLA161AT,6
DRT362-CBS179AT,6
DRT405-BSG111AT,6
DRT379-CBS219AT,6
DRT401-BSG133AT,6
DRT369-CBS139AT,6
DRT375-CBS286AT,6
DRT342-JLA304AT,6
DRT410-NBC112AT,6
DRT353-AE152AT,6
DRT397-AE150AT,6
DRT352-AE143AT,6
DRT372-CBS253AT,6
DRT346-DCO369AT,6
DRT326-DCO157AT,6
DRT356-CBS158AT,6
DRT366-CBS902AT,6
DRT403-BSG130AT,6
DRT37-CBS630AT,6
DRT364-CBS880AT,6
DRT387-CBS768AT,6
DRT337-JLA134AT,6
DRT344-DCO181AT,6
DRT36-CBS255AT,6
DRT338-JLA189AT,6
DRT35-CBS494AT,6
DRT333-JLA270AT,6
DRT33-CBS674AT,6
DRT365-CBS143AT,6
DRT407-BSG190AT,6
DRT341-JLA156AT,6
DRT39-ALI133AT,6
DRT394-AE187AT,6
DRT331-JLA215AT,6
DRT345-DCO182AT,6
DRT40-BLE105AT,6
DRT390-CBS766AT,6
DRT381-CBS893AT,6
DRT413-NBC160AT,6
DRT332-JLA251AT,6
DRT327-JLA120AT,6
DRT351-AE140AT,6
DRT409-NBC113AT,6
DRT41-CBS501AT,6
DRT334-JLA268AT,6
DRT367-CBS903AT,6
DRT396-AE173AT,6
DRT336-JLA147AT,6
DRT400-CBS133AT,6
DRT357-CBS155AT,6
DRT408-BSG102AT,6
DRT329-JLA208AT,6
DRT441-NBC105AT,6
DRT433-NBC170AT,6
DRT470-NBC101AT,6
DRT47-CBS409AT,6
DRT458-NBC119AT,6
DRT455-NBC100AT,6
DRT414-NBC251AT,6
DRT453-NBC131AT,6
DRT496-NBC221AT,6
DRT462-NBC224AT,6
DRT438-NBC279AT,6
DRT418-NBC261AT,6
DRT457-NBC204AT,6
DRT472-NBC411AT,6
DRT43-CBS413AT,6
DRT483-NBC161AT,6
DRT466-NBC179AT,6
DRT434-NBC171AT,6
DRT5-BM1237AT,6
DRT482-NBC254AT,6
DRT486-NBC332AT,6
DRT478-NBC197AT,6
DRT463-NBC210AT,6
DRT464-NBC353AT,6
DRT46-CBS493AT,6
DRT435-NBC129AT,6
DRT485-NBC328AT,6
DRT442-NBC196AT,6
DRT473-NBC412AT,6
DRT501-NBC189AT,6
DRT419-NBC276AT,6
DRT494-NBC158KT,6
DRT467-NBC309AT,6
DRT49-CBS496AT,6
DRT50-CBS160AT,6
DRT436-NBC128AT,6
DRT422-NBC141AT,6
DRT427-NBC234AT,6
DRT429-NBC340AT,6
DRT487-NBC331AT,6
DRT500-NBC146AT,6
DRT479-NBC206AT,6
DRT432-NBC168AT,6
DRT448-NBC370AT,6
DRT424-NBC159AT,6
DRT498-NBC209AT,6
DRT48-CBS498AT,6
DRT446-NBC237AT,6
DRT480-NBC117AT,6
DRT417-NBC176AT,6
DRT423-NBC135AT,6
DRT437-NBC121AT,6
DRT484-NBC295AT,6
DRT492-NBC319AT,6
DRT444-NBC229AT,6
DRT421-NBC400AT,6
DRT416-NBC249AT,6
DRT443-NBC213AT,6
DRT495-NBC194AT,6
DRT459-NBC120AT,6
DRT439-NBC211AT,6
DRT489-NBC144AT,6
DRT415-NBC252AT,6
DRT445-NBC167AT,6
DRT451-NBC315AT,6
DRT454-NBC287AT,6
DRT493-NBC193AT,6
DRT426-NBC106AT,6
DRT44-CBS500AT,6
DRT469-NBC334AT,6
DRT452-NBC130AT,6
DRT447-NBC314AT,6
DRT450-NBC147AT,6
DRT430-NBC341AT,6
DRT465-NBC354AT,6
DRT502-NBC191AT,6
DRT471-NBC316AT,6
DRT497-NBC173AT,6
DRT481-NBC199AT,6
DRT474-NBC425AT,6
DRT420-NBC398AT,6
DRT428-NBC257AT,6
DRT488-NBC143AT,6
DRT476-NBC127AT,6
DRT468-NBC335AT,6
DRT425-NBC280AT,6
DRT45-CBS492AT,6
DRT456-NBC240AT,6
DRT499-NBC239AT,6
DRT494-NBC158AT,6
DRT461-NBC223AT,6
DRT490-NBC142AT,6
DRT431-NBC339AT,6
DRT440-NBC102AT,6
DRT42-CBS718AT,6
DRT477-NBC133AT,6
DRT460-NBC164AT,6
DRT475-NBC115AT,6
DRT491-NBC154AT,6
DRT449-NBC238AT,6
DRT598-DCO274AT,6
DRT582-ATA927AT,6
DRT57-CBS583AT,6
DRT529-ELV598AT,6
DRT553-SUN133AT,6
DRT566-ATA382AT,6
DRT583-GSA576AT,6
DRT559-DCO431AT,6
DRT515-MON457WT,6
DRT540-DEA406AT,6
DRT518-AE115AT,6
DRT581-GSA868AT,6
DRT527-ELV365AT,6
DRT510-MON298GWT,6
DRT538-DEA460AT,6
DRT537-DEA458AT,6
DRT52-CBS118AT,6
DRT513-MON437WT,6
DRT58-ALI107AT,6
DRT526-ELV403AT,6
DRT534-ELV577AT,6
DRT505-MON471WT,6
DRT571-GSY112YT,6
DRT554-DCO155AT,6
DRT592-DCO276AT,6
DRT543-DEA304AT,6
DRT561-GS1453AT,6
DRT542-DEA300AT,6
DRT587-ATA773AT,6
DRT590-DCO271AT,6
DRT564-GSA509AT,6
DRT599-DCO447AT,6
DRT514-MON453WT,6
DRT557-DCO229AT,6
DRT595-DCO178AT,6
DRT593-DCO176AT,6
DRT570-ATA771AT,6
DRT532-ELV157AT,6
DRT531-ELV518AT,6
DRT56-CBS267AT,6
DRT504-NBC346AT,6
DRT524-ELV726AT,6
DRT569-GSA629AT,6
DRT568-GSA569AT,6
DRT563-ATA1409AT,6
DRT508-MON475WT,6
DRT594-DCO444AT,6
DRT533-ELV515AT,6
DRT525-ELV727AT,6
DRT539-DEA334AT,6
DRT520-AE105AT,6
DRT588-JLA296AT,6
DRT572-GSA546AT,6
DRT560-GSA326AT,6
DRT591-DCO175AT,6
DRT516-MON463WT,6
DRT517-AE113AT,6
DRT565-GSA512AT,6
DRT523-ELV725,6
DRT51-CBS167AT,6
DRT522-ELV724AT,6
DRT530-ELV416AT,6
DRT512-MON444WT,6
DRT528-ELV218AT,6
DRT549-SUN120AT,6
DRT509-MON429WT,6
DRT596-DCO445AT,6
DRT503-NBC337AT,6
DRT506-MON472WT,6
DRT567-GSY111YT,6
DRT562-GSA313AT,6
DRT578-GSA448AT,6
DRT511-MON452WT,6
DRT535-DEA455AT,6
DRT555-DCO187AT,6
DRT521-AE106AT,6
DRT54-CBS200AT,6
DRT558-DCO273AT,6
DRT580-GSA537AT,6
DRT585-GS1459AT,6
DRT519-AE117AT,6
DRT541-DEA250AT,6
DRT589-DCO117AT,6
DRT550-SUN119AT,6
DRT507-MON421WT,6
DRT579-GS1464AT,6
DRT574-GSA551AT,6
DRT556-DCO105AT,6
DRT586-GSA454AT,6
DRT575-GSA602AT,6
DRT55-CBS266AT,6
DRT597-DCO114AT,6
DRT573-GSA550AT,6
DRT576-GS1122AT,6
DRT59-ALI125AT,6
DRT577-GS1470AT,6
DRT53-CBS672AT,6
DRT584-GSA262AT,6
DRT536-DEA457AT,6
DRT551-SUN123AT,6
DRT656-DRL126AT,6
DRT690-CBS408AT,6
DRT68-BLE104AT,6
DRT640-CBS590AT,6
DRT611-SG154AT,6
DRT672-SPA117AT,6
DRT630-SM1652KT,6
DRT605-SG104AT,6
DRT657-DRL128AT,6
DRT651-DRL136AT,6
DRT629-SM1820KT,6
DRT664-EVA120AT,6
DRT655-DRL108AT,6
DRT64-ALI103AT,6
DRT685-CBS815AT,6
DRT669-CBS708AT,6
DRT614-SG118AT,6
DRT681-CBS810AT,6
DRT637-CBS265AT,6
DRT692-CBS491AT,6
DRT66-BLE101AT,6
DRT615-SG145AT,6
DRT667-CBS888AT,6
DRT62-ALI118AT,6
DRT608-SG127AT,6
DRT652-DRL101AT,6
DRT645-CBS587AT,6
DRT666-EVA105BAT,6
DRT663-EVA119AT,6
DRT647-CBS881AT,6
DRT609-SG128AT,6
DRT683-CBS818AT,6
DRT676-SPA109AT,6
DRT642-CBS710AT,6
DRT665-EVA112AT,6
DRT660-EVA107AT,6
DRT603-JLA220AT,6
DRT612-SG157AT,6
DRT606-SG124AT,6
DRT654-DRL106AT,6
DRT620-SG140AT,6
DRT61-ALI117AT,6
DRT624-JLA230KT,6
DRT619-SG138AT,6
DRT675-SPA107AT,6
DRT689-CBS410AT,6
DRT67-BLE102AT,6
DRT601-JLA218AT,6
DRT638-CBS171AT,6
DRT613-SG117AT,6
DRT610-SG153AT,6
DRT607-SG125AT,6
DRT625-JLA249KT,6
DRT63-ALI111AT,6
DRT631-SM1713KT,6
DRT653-DRL103AT,6
DRT604-SG123AT,6
DRT641-CBS585AT,6
DRT688-CBS411AT,6
DRT628-SM1818KT,6
DRT679-SPA103AT,6
DRT65-BLE109AT,6
DRT686-CBS809AT,6
DRT674-SPA101AT,6
DRT616-SG100AT,6
DRT635-AE110AT,6
DRT602-JLA219AT,6
DRT649-DRL133AT,6
DRT659-EVA111AT,6
DRT60-ALI109AT,6
DRT617-SG103AT,6
DRT600-JLA203AT,6
DRT632-SM1809KT,6
DRT684-CBS814AT,6
DRT623-DCO148CKT,6
DRT661-EVA106AT,6
DRT673-SPA118AT,6
DRT677-SPA112AT,6
DRT662-EVA103AT,6
DRT648-DRL121AT,6
DRT650-DRL135AT,6
DRT682-CBS817AT,6
DRT687-CBS412AT,6
DRT658-DRL129AT,6
DRT626-JLA148KT,6
DRT644-CBS592AT,6
DRT639-CBS181AT,6
DRT627-SM1798KT,6
DRT621-SG137AT,6
DRT678-SPA113AT,6
DRT691-CBS499AT,6
DRT646-CBS589AT,6
DRT622-DCO148KT,6
DRT633-AE119AT,6
DRT636-AE109AT,6
DRT69-BLE108AT,6
DRT680-SPA114AT,6
DRT618-SG102AT,6
DRT643-CBS588AT,6
DRT634-AE118AT,6
DRT783-VMP111BAT,6
DRT75-BLE114AT,6
DRT762-DEA356AT,6
DRT756-SPD102AT,6
DRT727-BLE113AT,6
DRT753-SPD107AT,6
DRT768-DEA411AT,6
DRT709-ALI122AT,6
DRT746-SPD114AT,6
DRT728-BLE118AT,6
DRT701-ALI128AT,6
DRT738-JLA148TT,6
DRT741-SPD103AT,6
DRT751-SPD130AT,6
DRT781-VMP121AT,6
DRT703-ALI109AT,6
DRT763-DEA404AT,6
DRT705-ALI121AT,6
DRT712-ALI135AT,6
DRT720-BLE133AT,6
DRT782-VMP101AT,6
DRT717-BLE131AT,6
DRT718-BLE126AT,6
DRT693-ALI144AT,6
DRT713-ALI136AT,6
DRT775-DEA445AT,6
DRT76-BLE106AT,6
DRT742-SPD109AT,6
DRT736-CBS591TT,6
DRT697-ALI132AT,6
DRT714-ALI137AT,6
DRT785-VMP115AT,6
DRT73-BLE100AT,6
DRT722-BLE135AT,6
DRT731-BLE122AT,6
DRT747-SPD118AT,6
DRT743-SPD124AT,6
DRT695-ALI146AT,6
DRT74-BLE107AT,6
DRT772-DEA442AT,6
DRT704-ALI100AT,6
DRT710-ALI123BAT,6
DRT760-DEA456AT,6
DRT706-ALI131AT,6
DRT748-SPD120AT,6
DRT733-BLE124BAT,6
DRT698-ALI110AT,6
DRT776-DEA448AT,6
DRT774-DEA433AT,6
DRT71-BLE103AT,6
DRT715-ALI138AT,6
DRT744-SPD101AT,6
DRT730-BLE121BAT,6
DRT77-BSG115AT,6
DRT721-BLE134AT,6
DRT779-VMP107AT,6
DRT719-BLE132AT,6
DRT773-DEA431AT,6
DRT723-BLE117AT,6
DRT711-ALI134AT,6
DRT778-DEA450AT,6
DRT769-DEA422AT,6
DRT702-ALI130AT,6
DRT734-SM259TT,6
DRT725-BLE112AT,6
DRT759-DEA455AT,6
DRT739-DCO148TT,6
DRT732-BLE123AT,6
DRT745-SPD110AT,6
DRT758-DEA454AT,6
DRT707-ALI116AT,6
DRT724-BLE119AT,6
DRT764-DEA405AT,6
DRT780-VMP113AT,6
DRT737-JLA133TT,6
DRT771-DEA426AT,6
DRT777-DEA449AT,6
DRT770-DEA423AT,6
DRT752-SPD131AT,6
DRT696-ALI147AT,6
DRT766-DEA328AT,6
DRT700-ALI127AT,6
DRT716-ALI142AT,6
DRT761-DEA459AT,6
DRT749-SPD121AT,6
DRT750-SPD123AT,6
DRT757-SPD117AT,6
DRT72-BLE111AT,6
DRT784-VMP112AT,6
DRT78-BSG141AT,6
DRT754-SPD104AT,6
DRT694-ALI145AT,6
DRT70-BLE110AT,6
DRT729-BLE120AT,6
DRT767-DEA329AT,6
DRT735-BM288TT,6
DRT765-DEA316BAT,6
DRT699-ALI126AT,6
DRT726-BLE116AT,6
DRT708-ALI108BAT,6
DRT810-NBC408AT,6
DRT871-BB602AT,6
DRT814-BSG148AT,6
DRT870-BB619AT,6
DRT853-PAG565BAT,6
DRT834-PAG611AT,6
DRT862-BB729AT,6
DRT801-CBS142AT,6
DRT869-BB736AT,6
DRT840-PAG599AT,6
DRT837-PAG619AT,6
DRT830-PAG530AT,6
DRT799-AE136AT,6
DRT841-PAG602AT,6
DRT806-CBS886AT,6
DRT83-BSG189AT,6
DRT875-BB590AT,6
DRT803-CBS785AT,6
DRT863-BB730AT,6
DRT857-BB723AT,6
DRT85-BSG143AT,6
DRT818-BSG177AT,6
DRT805-CBS786AT,6
DRT850-PAG628AT,6
DRT795-AE161AT,6
DRT868-BB733AT,6
DRT796-EVA123AT,6
DRT802-CBS119AT,6
DRT797-EVA124AT,6
DRT80-BSG117AT,6
DRT815-BSG153AT,6
DRT831-PAG638AT,6
DRT832-PAG572BAT,6
DRT855-BB720AT,6
DRT819-BSG173AT,6
DRT811-BSG140AT,6
DRT823-PAG575AT,6
DRT848-PAG624AT,6
DRT842-PAG592AT,6
DRT872-BB609AT,6
DRT838-PAG620AT,6
DRT826-PAG629AT,6
DRT851-PAG631AT,6
DRT849-PAG626AT,6
DRT807-CBS828AT,6
DRT816AT-BSG197AT,6
DRT854-BB719AT,6
DRT846-PAG608AT,6
DRT844-PAG571AT,6
DRT787-GSA1136AT,6
DRT792-AE164AT,6
DRT839-PAG601AT,6
DRT847-PAG623AT,6
DRT793-AE162AT,6
DRT798-EVA125AT,6
DRT794-AE166AT,6
DRT866-BB735AT,6
DRT804-CBS784AT,6
DRT865-BB732AT,6
DRT859-BB726AT,6
DRT867-BB734AT,6
DRT861-BB728AT,6
DRT874-BB464BAT,6
DRT827-PAG630AT,6
DRT84-BSG164AT,6
DRT828-PAG641AT,6
DRT813-BSG163AT,6
DRT809-NBC228AT,6
DRT860-BB727AT,6
DRT81-BSG172AT,6
DRT835-PAG613AT,6
DRT812-BSG152AT,6
DRT87-BSG170AT,6
DRT856-BB722AT,6
DRT822-PAG600AT,6
DRT829-PAG506AT,6
DRT808-CBS877AT,6
DRT82-BSG100AT,6
DRT845-PAG570AT,6
DRT791-GSA1130AT,6
DRT789-GSA1134AT,6
DRT876-BB596AT,6
DRT820-PAG615AT,6
DRT817-BSG198AT,6
DRT825-PAG627AT,6
DRT852-PAG632AT,6
DRT79-BSG136AT,6
DRT790-GSA1131AT,6
DRT833-PAG639AT,6
DRT788-GSA1133AT,6
DRT821-PAG607AT,6
DRT824-PAG625AT,6
DRT858-BB724AT,6
DRT786-GSA1137AT,6
DRT843-PAG578AT,6
DRT864-BB731AT,6
DRT836-PAG617AT,6
DRT86-BSG110AT,6
DRT800-CBS137AT,6
DRT873-BB253AT,6
DRT878-BB530AT,6
DRT904-BB663AT,6
DRT877-BB251AT,6
DRT949-ELV708AT,6
DRT915-ELV730AT,6
DRT936-ELV132AT,6
DRT911-BB690CAT,6
DRT944-ELV698AT,6
DRT929-ELV109AT,6
DRT884-BB629AT,6
DRT922-CBS757AT,6
DRT919-CBS650AT,6
DRT92-BSG159AT,6
DRT920-ELV290AT,6
DRT887-BB624AT,6
DRT888-BB646AT,6
DRT903-BB369AT,6
DRT93-BSG101AT,6
DRT889-BB242AT,6
DRT943-ELV697AT,6
DRT90-BSG188CAT,6
DRT886-BB514AT,6
DRT896-BB518AT,6
DRT916-ELV732AT,6
DRT920-CBS652AT,6
DRT939-ELV283AT,6
DRT946-ELV702AT,6
DRT909-BB669AT,6
DRT891-BB593AT,6
DRT917-ELV731AT,6
DRT883-BB376AT,6
DRT919-ELV284AT,6
DRT897-BB516AT,6
DRT89-BSG137AT,6
DRT954-ELV671AT,6
DRT902-BB368AT,6
DRT900-BB665AT,6
DRT932-ELV103AT,6
DRT88-BSG121AT,6
DRT893-BB542AT,6
DRT955-ELV673AT,6
DRT934-ELV104AT,6
DRT926-ELV221AT,6
DRT918-ELV382AT,6
DRT937-ELV514AT,6
DRT923-CBS759AT,6
DRT947-ELV705AT,6
DRT882-BB512AT,6
DRT925-CBS787AT,6
DRT915-CBS157AT,6
DRT945-ELV699AT,6
DRT922-ELV165AT,6
DRT879-TLTSH220AT,6
DRT894-BB250AT,6
DRT933-ELV308AT,6
DRT885-BB647AT,6
DRT910-BB674AT,6
DRT956-ELV687AT,6
DRT928-ELV448AT,6
DRT950-ELV191AT,6
DRT881-BB470AT,6
DRT925-ELV205AT,6
DRT95-CBS519AT,6
DRT912-BB693AT,6
DRT930-ELV131AT,6
DRT898-BB607AT,6
DRT938-ELV374AT,6
DRT91-BSG108AT,6
DRT899-BB662AT,6
DRT957-ELV688AT,6
DRT952-ELV661AT,6
DRT914-CBS248AT,6
DRT948-ELV707AT,6
DRT924-ELV521AT,6
DRT892-BB583AT,6
DRT914-ELV729AT,6
DRT941-ELV568AT,6
DRT901-BB679AT,6
DRT890-BB582AT,6
DRT907-BB680AT,6
DRT923-ELV197AT,6
DRT924-CBS773AT,6
DRT917-CBS646AT,6
DRT94-CBS538AT,6
DRT921-ELV359AT,6
DRT951-ELV658AT,6
DRT931-ELV602AT,6
DRT880-BB462AT,6
DRT895-BB526AT,6
DRT916-CBS141AT,6
DRT935-ELV106AT,6
DRT953-ELV664AT,6
DRT942-ELV694AT,6
DRT940-ELV282AT,6
DRT921-CBS653AT,6
DRT927-ELV108AT,6
DRT905-BB672AT,6
DRT906-BB677AT,6
DRT908-BB681AT,6
DRT918-CBS649AT,6
DRT987-CBS542AT,6
DRTL32-Z28044,6
DRT968-CBS192AT,6
DRTL22-Z24711,6
DRTL103-ZCI010464218,6
DRT984-CBS132AT,6
DRTL102-ZCI010465218,6
DRTL29-ZCI000412-207,6
DRTL47-ZMP297358-200,6
DRT995-CBS515AT,6
DRTL18-Z28015,6
DRT991-CBS540AT,6
DRT97-CBS531AT,6
DRT990-CBS513AT,6
DRT982-CBS745AT,6
DRT960-ELV717AT,6
DRT98-CBS161AT,6
DRTL41-Z24828,6
DRT974-CBS234AT,6
DRTL101,6
DRTL75-Z24785,6
DRT993-CBS614AT,6
DRT966-CBS580AT,6
DRTL107-ZCI010478218,6
DRT988-CBS180AT,6
DRTL54-Z21067,6
DRTL111-ZCI010482236,6
DRTL46-ZMP307049-200,6
DRT979-CBS567AT,6
DRTL44-Z20850,6
DRTL57-ZMP3070702106,6
DRT962-CBS697AT,6
DRTL42-Z24836,6
DRT998-CBS543AT,6
DRT978-CBS559AT,6
DRTL108-ZCI010479218,6
DRT997-CBS541AT,6
DRT970-CBS208AT,6
DRTL25ZMP30705821064,6
DRTL78-Z24790,6
DRTL68-Z250PB107,6
DRT986-CBS462AT,6
DRTL37-Z280ARM,6
DRTL28-ZCI000417-250,6
DRTL64-Z24901,6
DRTL13-Z250F957,6
DRT994-CBS615AT,6
DRTL49-ZMP297348-218,6
DRT972-CBS213AT,6
DRTL109-ZCI010480250,6
DRTL61-ZMP316251-218,6
DRTL33-Z28042,6
DRT958-ELV709AT,6
DRTL106-ZCI010477250,6
DRT989-CBS163AT,6
DRT976-CBS568AT,6
DRTL24-Z24894,6
DRTL26-ZCI000416-200,6
DRTL36-Z280CG,6
DRT975-CBS260AT,6
DRT985-CBS638AT,6
DRT969-CBS193AT,6
DRT981-CBS744AT,6
DRTL60-ZMP316250-218,6
DRTL40-Z24827,6
DRTL43-Z28054,6
DRT980-CBS743AT,6
DRT992-CBS582AT,6
DRTL31-ZCI001728-218,6
DRTL100-ZCI010467250,6
DRT965-CBS579AT,6
DRT964-CBS337AT,6
DRTL67-Z20831,6
DRTL30-ZMP265665-218,6
DRTL50-ZCI001726-250,6
DRTL79-ZCI009196-218,6
DRTL104-ZCI010475218,6
DRT96-CBS530AT,6
DRTL27-ZCI000414-218,6
DRTL105-ZCI010476207,6
DRT961-CBS535AT,6
DRT971-CBS210AT,6
DRTL62-ZCI001729-200,6
DRTL59-ZMP297364-218,6
DRT996-CBS534AT,6
DRTL38-Z280AFC,6
DRTL51-ZMP321145-207,6
DRTL35-Z280ANC,6
DRT973-CBS215AT,6
DRTL58-ZMP307072-200,6
DRT999-CBS556AT,6
DRT967-CBS572AT,6
DRTL14-Z24553,6
DRTL39-Z24813,6
DRTL34-Z280MAR,6
DRT977-CBS742AT,6
DRTL71-Z24544,6
DRT959-ELV714AT,6
DRTL110-ZCI010481207,6
DRTL63-ZCI001894-218,6
DRTL94-ZCI010473-207,6
DRTL96-ZCI010471-229,6
DRTL93-ZCI010474-218,6
DRTL88-ZCI009208-218,6
DRTL97-ZCI010470-237,6
DRTL99-ZCI010468-250,6
DRTL89-ZCI009209-218,6
DRTL98-ZCI010469-218,6
DRTL90-ZCI009210-250,6
DRTL82-ZCI009200-207,6
DRTL92-ZCI009232-250,6
DRTL95-ZCI010472-218,6
DRTL81-ZCI009199-218,6
DRTL83-ZCI009202-218,6
DRTL86-ZCI009206-218,6
DRTL8-ZCI00920721184,6
DRTL84-ZCI009204-200,6
DRTL80-ZCI009197-250,6
DRTL91-ZCI009231-218,6
DRTL85-ZCI009205-218,6
ON38-DRT,6
ON58,6
ON53-DRT,6
ON42-DRT,6
ON36-DRT,6
ON44-DRT,6
ON51-DRT,6
ON39-DRT,6
ON43-DRT,6
ON54-DRT,6
ON37-DRT,6
TS177-DRT,6
TS334-00-DRT,6
TS400-00-DRT,6
TS403-00-DRT,6
TS38-DRT,6
TS506-DRT,6
TS540-DRT,6
TS580-DRT,6
TS81,6
TS942-DRT,6
ON41-DRT,6
ON52-DRT,6
ON83-DRT,6
A49-00,2
A130,2
A56-00,2
A136,2
A6-00,2
A51-00,2
A55-00,2
A29,2
A141-DC,2
A52-00,2
A131,2
A100-00,2
A34-00,2
A21-00,2
A125,2
A7-00,2
A102-00,2
A53,2
A10-00,2
A111-00,2
A133,2
A38,2
A17,2
A46-00,2
A15-00,2
A13-00,2
A76,2
A77,2
A66-00,2
A32-01,2
A19,2
A109,2
A9-00,2
A24-00,2
A63,2
A96-DC,2
A54-00,2
A2-00,2
A57-00,2
A31-01,2
A74,2
A27,2
A50-00,2
A10-EBAY,2
A1-EBAY,2
A3-01,2
A103-00,2
A30,2
A120,2
A46-EBAY,2
A134,2
A40,2
A118,2
A140-DC,2
A16-00,2
A41,2
A11-00,2
A91,2
A100,2
A123,2
A26,2
A68-EBAY,2
A60,2
A22,2
A23-00,2
A81,2
A69,2
A65-00,2
A86,2
A80,2
A112,2
A126,2
A17-00,2
A14-00,2
A101-00,2
A119,2
A104-00,2
A4-00,2
A95,2
A04-C13,2
A138,2
A8-00,2
A124,2
A117,2
A139,2
A101,2
A38-00,2
A137,2
A113,2
A36-00,2
A45-00,2
A12,2
A62,2
A33,2
A44-00,2
A107-00,2
A18-00,2
A25,2
A28,2
B58,2
BAG124,2
BAG118,2
BAG130,2
BAG126,2
AA2,2
AA4,2
BAG11-00,2
AA3,2
ASH5,2
BAG100,2
BAG119,2
AF03-00,2
AA5,2
AA6,2
BAG123,2
BAG111,2
BAG110,2
BAG113,2
B39,2
B54,2
B33,2
B60,2
B38,2
B19,2
BAG14-EBAY,2
BAG105,2
B11,2
B24,2
B61,2
AA1,2
BAG127,2
BAG109,2
B46,2
BAG10-00,2
B25,2
B7,2
BAG128,2
B3,2
B23,2
BAG129,2
B51,2
BAG13-01,2
B17,2
B21,2
BAG133-C13,2
BAG131,2
ASH6,2
B22,2
B27,2
B4,2
ASH1,2
B28,2
BAG120,2
BAG1-00,2
B37,2
B52,2
B55,2
B35,2
AF7,2
B50,2
B32,2
BAG12-00,2
B40,2
B16,2
B49,2
BAG101,2
BAG112,2
AF02-00,2
ASH11,2
ART5,2
AA10,2
AF01-00,2
B57,2
B15,2
AA7,2
A98,2
AA8,2
B2,2
BAG121,2
B5,2
B53,2
BAG125,2
BAG122,2
BAG132,2
ASH7,2
BAG107,2
BAG108,2
BAG106,2
B12,2
B9,2
BAG134-C13,2
B26,2
B48,2
B56,2
B59,2
B41,2
BG1,2
BAG83,2
BAG81,2
BAG18-00,2
BCH6,2
BAN1,2
BAG80,2
BAG43,2
BAG35-00,2
BAG31-00,2
BAG19-00,2
BAG91,2
BAG4-00,2
BAG98,2
BAG74-00,2
BCH5,2
BG5,2
BAG84,2
BAG92,2
BAG26-00,2
BAG73,2
BAG46,2
BAG97,2
BICO103,2
BAG76,2
BAG39-00,2
BCH17,2
BAG51,2
BIB2,2
BG10,2
BAG96,2
BAG36-00,2
BCH20,2
BAG63,2
BCH18,2
BAN2,2
BAG42-00,2
BAG89,2
BCH10,2
BICO107,2
BCH13,2
BICO108,2
BCH11,2
BICO104,2
BAG2-00,2
BCH16,2
BAG140-D13,2
BAG32-00,2
BAG69,2
BAG23-00,2
BAG36,2
BAG44-00,2
BICO106,2
BG7,2
BAG71,2
BAG8,2
BCH21,2
BAG90,2
BCH2,2
BAG70,2
BCH8,2
BAG77,2
BICO102,2
BICO1,2
BCH12,2
BAG95,2
BCH19,2
BAG20,2
BAG25-00,2
BAG75,2
BAG86,2
BCH1,2
BAG38-00,2
BAG93,2
BG8,2
BCH7,2
BAG17-00,2
BIB1,2
BCH14,2
BAG82,2
BAG3-00,2
BCH15,2
BAG37-02,2
BAG6,2
BAG16-00,2
BAG23,2
BAG34,2
BAG5-00,2
BAG72,2
BICO101,2
BCH9,2
BCH4,2
BAG35,2
BAG7,2
BICO105,2
BICO10,2
BCH3,2
BAG20-00,2
BICO100,2
BAG85,2
BICO191,2
BICO190,2
BICO15,2
BICO164,2
BICO180,2
BICO2,2
BICO175,2
BICO192,2
BICO161,2
BICO163,2
BICO151,2
BICO147,2
BICO189,2
BICO19,2
BICO187,2
BICO140,2
BICO116,2
BICO174,2
BICO128,2
BICO152,2
BICO166,2
BICO199,2
BICO120,2
BICO184,2
BICO156,2
BICO194,2
BICO193,2
BICO121,2
BICO18,2
BICO150,2
BICO13,2
BICO157,2
BICO195,2
BICO162,2
BICO154,2
BICO173,2
BICO14,2
BICO188,2
BICO153,2
BICO149,2
BICO148,2
BICO142,2
BICO177,2
BICO159,2
BICO143,2
BICO158,2
BICO197,2
BICO122,2
BICO118,2
BICO17,2
BICO124,2
BICO20,2
BICO119,2
BICO183,2
BICO167,2
BICO109,2
BICO196,2
BICO123,2
BICO132,2
BICO139,2
BICO186,2
BICO145,2
BICO16,2
BICO111,2
BICO165,2
BICO12,2
BICO178,2
BICO138,2
BICO170,2
BICO182,2
BICO172,2
BICO133,2
BICO176,2
BICO11,2
BICO144,2
BICO141,2
BICO169,2
BICO135,2
BICO117,2
BICO185,2
BICO179,2
BICO127,2
BICO110,2
BICO136,2
BICO137,2
BICO134,2
BICO146,2
BICO168,2
BICO112,2
BICO113,2
BICO126,2
BICO125,2
BICO131,2
BICO130,2
BICO115,2
BICO171,2
BICO114,2
BICO129,2
BICO160,2
BICO181,2
BICO229,2
BICO242,2
BICO54,2
BICO47,2
BICO236,2
BICO52,2
BICO51,2
BICO57,2
BICO3,2
BICO203,2
BICO211,2
BICO32,2
BICO220,2
BICO46,2
BICO246,2
BICO243,2
BICO45,2
BICO214,2
BICO30,2
BICO42,2
BICO200,2
BICO31,2
BICO238,2
BICO44,2
BICO24,2
BICO208,2
BICO205,2
BICO222,2
BICO7,2
BICO223,2
BICO217,2
BICO206,2
BICO66,2
BICO240,2
BICO233,2
BICO207,2
BICO218,2
BICO37,2
BICO48,2
BICO231,2
BICO23,2
BICO204,2
BICO239,2
BICO40,2
BICO68,2
BICO201,2
BICO36,2
BICO69,2
BICO43,2
BICO241,2
BICO58,2
BICO215,2
BICO22,2
BICO55,2
BICO38,2
BICO53,2
BICO34,2
BICO39,2
BICO56,2
BICO49,2
BICO237,2
BICO230,2
BICO65,2
BICO50,2
BICO209,2
BICO25,2
BICO6,2
BICO67,2
BICO60,2
BICO21,2
BICO35,2
BICO5,2
BICO41,2
BICO216,2
BICO61,2
BICO227,2
BICO213,2
BICO244,2
BICO4,2
BICO226,2
BICO224,2
BICO29,2
BICO202,2
BICO210,2
BICO26,2
BICO27,2
BICO212,2
BICO221,2
BICO59,2
BICO33,2
BICO225,2
BICO228,2
BICO63,2
BICO232,2
BICO245,2
BICO28,2
BICO235,2
BICO219,2
BICO234,2
BICO62,2
BLT46,2
BICO73,2
BLT51,2
BLT43,2
BICO9,2
BLT38,2
BLT31,2
BICO97,2
BLT72,2
BICO81,2
BLT52,2
BICO8,2
BICO72,2
BLT54,2
BLT35,2
BLT32,2
BICO75,2
BLT56,2
BLT53,2
BLT37,2
BICO70,2
BICO80,2
BLT68,2
BLT65,2
BICO86,2
BICO98,2
BLT66,2
BLT36,2
BLT74,2
BLT21,2
BICO89,2
BLT80,2
BLT44,2
BLT59,2
BLT82,2
BICO82,2
BICO84,2
BLT76,2
BLT75,2
BLT77,2
BICO76,2
BLT19,2
BICO91,2
BLT14,2
BICO78,2
BLT18,2
BLT23,2
BLT20,2
BLT47,2
BICO88,2
BICO95,2
BLT22,2
BLT13,2
BLT24,2
BLT70,2
BLT64,2
BLT69,2
BLT61,2
BLT60,2
BICO92,2
BICO71,2
BLT63,2
BLT58,2
BLT73,2
BICO83,2
BLT49,2
BICO94,2
BLT57,2
BICO90,2
BLT40,2
BLT16,2
BICO87,2
BLT39,2
BLT48,2
BLT79,2
BICO79,2
BLT2,2
BLT17,2
BLT62,2
BLT67,2
BICO85,2
BLT1,2
BLT27,2
BLT83,2
BICO77,2
BLT81,2
BLT8,2
BLT78,2
BICO96,2
BLT15,2
BLT25,2
BLT55,2
BLT42,2
BICO93,2
BLT41,2
BLT84,2
BLT71,2
BICO74,2
BICO99,2
BLT26,2
BR17,2
BR54,2
BR38,2
BR40,2
BR26,2
BR103,2
BR77,2
BR87,2
BR8,2
BR111,2
BR102,2
BLT85,2
BR13,2
BR101,2
BR70,2
BR31,2
BR22,2
BR66,2
BR104,2
BR61,2
BR110,2
BR86,2
BR60,2
BR34,2
BR46,2
BR36,2
BR75,2
BR47,2
BR109,2
BR85,2
BR43,2
BR82,2
BR48,2
BR49,2
BR112,2
BR79,2
BR6,2
BR69,2
BR23,2
BR39,2
BR57,2
BR84,2
BR68,2
BR42,2
BR41,2
BR18,2
BR115,2
BR114,2
BR100,2
BR72,2
BR59,2
BR16,2
BR11,2
BR25,2
BR10,2
BR64,2
BR63,2
BR74,2
BR80,2
BR1,2
BR12,2
BO1,2
BR113,2
BR81,2
BR35,2
BR19,2
BR106,2
BLT9,2
BR3,2
BR44,2
BR83,2
BR51,2
BR65,2
BR53,2
BR7,2
BR105,2
BR30,2
BR5,2
BR71,2
BR58,2
BR37,2
BR73,2
BR55,2
BR116,2
BR24,2
BR78,2
BR27,2
BR29,2
BR107,2
BR76,2
BR67,2
BR108,2
BR4,2
BOXCHECK,2
BR62,2
BR28,2
BR56,2
BR21,2
BR15,2
BR2,2
C3-00,2
CI-30,2
CC22,2
CC39,2
CI-24,2
BS2,2
CC51,2
CC31,2
C5-00,2
BS03,2
CI-32,2
CI-15,2
BR99,2
BR97,2
CI-31,2
CC53,2
C25,2
BR88,2
CH01-EBAY,2
CH11,2
CHECKBOX,2
C1-00,2
BRC4,2
CC38,2
CC29,2
BR94,2
CI-14,2
CH5,2
BR93,2
CC12,2
CC28,2
CI-29,2
CH15-00,2
C19,2
C2-00,2
CC41,2
CC34,2
BXR1-EBAY,2
CI-33,2
CC43,2
CC40,2
CI-25,2
CH6,2
CC32,2
CC21,2
BR98,2
CC2,2
BRC8,2
BR92,2
CCL60,2
BXR01-00,2
CI-20,2
CC33,2
CCL55,2
CI-16,2
CH14-00-FBM,2
CCL57,2
BRC7,2
C16,2
CC50,2
CC52,2
CI-21,2
C24,2
CC49,2
CC9,2
BR91,2
CC37,2
CI-28,2
CH3-00-2BHIP,2
CH3-DC,2
CCL61,2
CCL54,2
CC3,2
CH4,2
CI-26,2
CI-23,2
CH1-00,2
CC45,2
CI-35,2
CI-17,2
BR95,2
BR90,2
CH7-00,2
BR9,2
CI-27,2
C6-00,2
CI-22,2
CC5,2
BR96,2
CC17,2
CC15,2
CC24,2
BR89,2
CI-34,2
CH3-00,2
C26,2
CC4,2
BS04,2
CC36,2
BXR7,2
CO10,2
CI-37,2
CS5,2
CI57,2
CI48,2
CI-39,2
CI-55,2
CS9,2
CI-42,2
CS2,2
CI18-00,2
CI-52,2
CI62,2
CI10-00,2
CO30,2
CSA12,2
CI28-00,2
CI8-00,2
CK1,2
CI-54,2
CL8,2
CI-5,2
CSA19,2
CI-57,2
CI3-00,2
CI59,2
CI16-00,2
CSA15,2
CI47,2
CI60,2
CSA10,2
CL4,2
CI61,2
CSA18,2
CI-43,2
CO6,2
CSA16,2
CO15,2
CI-44,2
CS3,2
CI4-00,2
CS7,2
CI-9,2
CI58,2
CO1,2
CI7-00,2
CI-53,2
CS8,2
CS4,2
CSA13,2
CO5,2
CS14,2
CI19-00,2
CSA17,2
CI-45,2
CI-56,2
CSA1,2
CS6,2
CS12,2
CI-51,2
CS1,2
CR1,2
CL5,2
CL3,2
CO20,2
CI64,2
CO11,2
CI-40,2
CI-36,2
CI6-00,2
CI2-00,2
CI-58,2
CO24,2
CL6,2
CS10,2
CL2,2
CI-38,2
CO23,2
CI65,2
CO9,2
CI50,2
CO14,2
CO8,2
CI-46,2
CSA11,2
CI49,2
CO7,2
CO31,2
CL7,2
CI63,2
CO22,2
CS18,2
CS13,2
CI-41,2
CS17,2
CLONEDINVADERS,2
CO13,2
CO28,2
CI1-00,2
CSA14,2
CSG10,2
CSC4,2
CSA23,2
CSB8,2
CSA24,2
CSG22,2
CSG24,2
CSA3,2
CSB9,2
CSB4,2
CSA22,2
CSG4,2
CSB14,2
CSA25,2
CSG25,2
CSB2,2
CSA4,2
CSB21,2
CSA2,2
CSG18,2
CSG47-C13,2
CSC2,2
CSG35-C13,2
CSG29,2
CSB22,2
CSG19,2
CSC3,2
CSG41-C13,2
CSG18-DC,2
CSB12,2
CSA9,2
CSG38-C13,2
CSB11,2
CSB27,2
CSA6,2
CSB26,2
CSG43-C13,2
CSG34-C13,2
CSG15,2
CSG17,2
CSG39-C13,2
CSB16,2
CSG23,2
CSB1,2
CSC5,2
CSA27,2
CSG36-C13,2
CSG20,2
CSA7,2
CSG26,2
CSG40-C13,2
CSB29,2
CSC8,2
CSA8,2
CSC14-C13,2
CSG16,2
CSB31,2
CSC6,2
CSG51-C13,2
CSG52-C13,2
CSC13-C13,2
CSG12,2
CSC7,2
CSB15,2
CSG27,2
CSB33,2
CSB10,2
CSC15-C13,2
CSG37-C13,2
CSG48-C13,2
CSG45-C13,2
CSB25,2
CSG42-C13,2
CSG28-00,2
CSB7,2
CSC12-C13,2
CSG50-C13,2
CSB3,2
CSG1,2
CSG3,2
CSB18,2
CSB6,2
CSG13,2
CSB17,2
CSG2,2
CSA20,2
CSG11,2
CSG49-C13,2
CSB24,2
CSB20,2
CSB32,2
CSB13,2
CSA21,2
CSC1,2
CSG14,2
CSG46-C13,2
CSB5,2
CSG5,2
CSG33,2
CSG21,2
CSL41,2
CSL54,2
D84,2
D71,2
D48,2
CSL44,2
D4-00,2
CSL8,2
D78,2
CSL45,2
D18,2
CSL65,2
CSG55-C13,2
CSL16,2
CSL35,2
CSL47,2
CSL10,2
D74,2
CSL20,2
D83,2
CSL64,2
D86,2
CSL42,2
D6,2
D15,2
D58,2
D14,2
D53,2
D2-EBAY,2
CSL60,2
CSL24,2
CSL26,2
D81,2
CSL21,2
CSL27,2
CSL19,2
D19,2
CSL37-00,2
CSL30,2
CSL36,2
CSL49,2
D77,2
CSL38,2
CSL12,2
CSL17,2
CSG8,2
D40,2
D39-EBAY,2
CSL63,2
CSG9,2
CSL14,2
CSL18,2
CSL3,2
CSL50,2
CSL1,2
CSL29,2
CSL61-00,2
D49,2
CSG54-C13,2
D73,2
CSG7,2
CSL58,2
CSG56-C13,2
CSL34,2
D1-00,2
CSL25,2
CSL4,2
CSL48,2
CSG6,2
CSL2,2
D42-EBAY,2
CSL46,2
D2,2
CSL32,2
D76,2
CSL23,2
CSL5,2
D45,2
CSL31,2
CSL15,2
CSL52,2
CSL6,2
CSL40,2
CSL57,2
CSL28-00,2
CSL33,2
CSL56,2
D50,2
CSL9,2
CSL13,2
CSL55,2
CSG53-C13,2
CSL51,2
CSL53,2
CSL22,2
CSL39,2
CSL7,2
D72,2
D1-EBAY,2
CSL11,2
DR113-VA302,2
DR19-FF210,2
D91,2
DR150-MM102SW,2
DR13-FF2050,2
DR120-FF2067LS,2
DR116-FF2054LS,2
DR14-FF2052,2
DR111-2063LS,2
DR126-MM2073,2
D88,2
DR160-FF2074,2
DR122-FF2068,2
DR28-PL103,2
DR100-FF2056LS,2
DR119-FF2067,2
DR108-MM108LS,2
DR-FF2067US,2
DR3-FF2054,2
DR-THD001,2
DR17-FF208,2
DR12-FF205,2
DR128-MM111,2
DR121-FF2070,2
DR157-AL231SW,2
DR139-FF2082LS,2
DR161-FF2076,2
DR153-MM108SW,2
DR143-FF2067SW,2
DR118-FF2065,2
D90,2
DR146-FF2011SW,2
DR-MM119,2
DR147-FF2063SW,2
DR16-FF205IRISH,2
DR154-MM110SW,2
DR135-FF2059LS,2
DR133-MM116LS,2
DR107-GA105LS,2
DR-FF2089,2
DR29-AL2189,2
DR-THD004,2
DR10-FF203,2
DR-MM122,2
DR155-MM111SW,2
DR23-VA119,2
DR15-FF2053,2
DR149-FF2070SW,2
DR125-FF2075,2
DR158-FF2074,2
DR109-FF2064,2
DR-MM115,2
DR-MM118,2
DR22-RL2001,2
DR131-MM116SW,2
DR151-MM105SW,2
DR112-2059LS,2
DR-MM123,2
DR129-MM112,2
DR25-FF207,2
DR148-FF2069SW,2
DR11-FF204,2
DR20-FF211,2
D89,2
DR31-AL232,2
DR-THD057,2
DR144-FF2068SW,2
DR-MM120,2
DR-THD003,2
DR110-FF2064LS,2
DR145-PL103SW,2
DR30-AL231,2
DR1-AL2014,2
DR-MM124,2
DR130-FF2077,2
DR26-PL101,2
DR-MM113,2
DR124-FF2072,2
DR159-FF2076,2
DR101-FF2011LS,2
DR142-FF2081LS,2
DR2-RC111,2
DR27-PL102,2
DR127-MM110,2
DR141-FF2081SW,2
DR-THD002,2
DR-MM117,2
DR115-MM109LS,2
DR-MM121,2
DR123-FF2069,2
DR117-GA102LS,2
DR59-FF2057,2
DR6-AL205,2
DR45-VA115,2
DR94-FF2061,2
DR95-FF2062,2
DR34-GA103,2
DR9-FF2011,2
DR97-FF2062LS,2
DR7-AL206,2
DR46-VA116,2
DR91-FF2012,2
DR99-FF2057LS,2
DR42-RN101,2
DR33-GA102,2
DR55-MM103B,2
DR98-FF2061LS,2
DR48-VA223,2
DR40-MM105,2
DR56-MM103Y-SM-EBAY,2
DR57-RN102,2
DR54-VA300,2
DR39-MM104,2
DR52-FF2056,2
DR56-MM103Y-MD-EBAY,2
DR49-VA224,2
DR35-MM101,2
DR90-FF2058,2
DR47-VA118,2
DR96-MM105LS,2
DR36-MM102,2
DR37-RL2002,2
DR41-RL102,2
DR5-FF2051,2
DR32-GA101,2
DR56-MM103Y,2
DR38-VA221,2
E15,2
F52,2
E48,2
E13,2
F33,2
E47,2
E61,2
E40-EBAY,2
E45-EBAY,2
F15-EBAY,2
E64,2
F30,2
F3,2
F64,2
E28-EBAY,2
F70,2
F34,2
E49,2
E14,2
F35,2
E27,2
DT13,2
E41,2
E3,2
F14-EBAY,2
E9-EBAY,2
E19-EBAY,2
F47,2
E63,2
E26-EBAY,2
F81,2
F6,2
F22-EBAY,2
F17,2
E35,2
E43,2
F88,2
F74,2
E23-EBAY,2
F79,2
F87,2
F80,2
F65,2
E30,2
E11,2
F2-EBAY,2
DT10,2
F51,2
E6-EBAY,2
DT17,2
E29,2
F1,2
E37,2
E56,2
DT4,2
E38,2
E62,2
F13,2
E12,2
DT5,2
F75,2
E36,2
E59,2
DT20,2
DT9,2
F48,2
F23,2
F78,2
F19,2
E10,2
E60,2
F50,2
F20,2
F18,2
E32,2
F5,2
F49,2
E65,2
F39,2
E16,2
FLASK37,2
FLASK40,2
FLASK39,2
FLASK31,2
FLASK3,2
FF31,2
FLASK21,2
FF91,2
FLASK18-00,2
FF23-EBAY,2
FF51,2
FLASK29,2
FLASK13,2
FLASK19,2
FLASK16,2
F91,2
FF89,2
FF62,2
FLASK36,2
FLASK17,2
F94,2
FLASK38,2
FLASK28,2
FF59,2
FLASK44,2
FF92,2
FF27,2
FLASK30,2
FF60,2
FLASK2,2
FF14,2
F93,2
F89,2
FF85,2
FLASK34,2
FF36,2
FF70,2
FLASK42,2
FF80,2
FF37,2
FF18,2
FLASK41,2
FF38,2
FF58,2
FF84,2
FLASK22,2
FF86,2
FF63,2
FLASK51,2
FLASK1-00,2
FF32,2
FF65,2
FF79,2
FLASK50,2
FLASK32,2
FLASK26-00,2
FLASK54-00,2
FF71,2
FLASK49,2
FLASK47,2
FF30,2
FF90-DC,2
FF41,2
FF55,2
FLASK20,2
FLASK43-00,2
FLASK33,2
FLASK25,2
FF15-EBAY,2
FLASK10,2
FF3,2
FF56,2
FLASK46-00,2
FF88,2
FLASK12,2
FLASK27,2
FF1-00,2
FLASK52,2
FF16-EBAY,2
F90,2
FLASK15,2
FF43,2
FF66,2
FF83,2
FF49,2
FLASK53,2
FF25,2
FLASK46,2
FLASK23,2
FF33,2
FF26,2
FF73,2
FF74,2
F92,2
FLASK45,2
FF35,2
FLASK11,2
FLASK48,2
FF11-EBAY,2
FF9-EBAY,2
GLV9-00,2
GLV35,2
GLV18,2
FLASK7,2
FLASK69,2
GROUP_TEST2,2
FLASK82,2
GLV2-EBAY,2
GLV34,2
GLV19,2
GLV8,2
GG19,2
G37,2
GLV2,2
GG13,2
GLV37,2
GG7-EBAY,2
GLV30,2
G26,2
G6,2
FLASK80,2
FLASK73,2
GG26,2
G44,2
GLV28,2
FLASK79,2
FLASK59,2
GG30,2
G41,2
FLASK78,2
GG5,2
GG35-EBAY,2
G35,2
FLASK72,2
GG24,2
H12,2
FLASK68,2
FRED_TEST,2
G14,2
GG31,2
FLASK56,2
G43,2
GG18,2
FLASK67,2
GLV5,2
GLV1-00,2
GROUP_TEST,2
FLASK62,2
FLASK9,2
FLASK55-00,2
GG25,2
GLV4,2
GLV31,2
H11,2
GLV40,2
GLV7,2
GLV1-EBAY,2
G28,2
GG29,2
GLV10-00,2
GLV3-00,2
GG11,2
GG1,2
GG14-EBAY,2
FLASK66,2
GP9,2
G38,2
GLV32,2
GLV29,2
GLV11-00,2
GLV36-00,2
FLASK71,2
G31,2
G17,2
G9,2
G24,2
FLASK61,2
FLASK81,2
GG27,2
GLV20,2
GG16,2
FLASK64,2
FLASK70,2
GROUP_TEST3,2
GLV22,2
GLV17,2
GLV39,2
FLASK74,2
GLV23,2
G30,2
G4,2
GLV24,2
GG32,2
GLV6-00,2
FLASK75,2
GLV33,2
FLASK63,2
FLASK77,2
FLASK6,2
GLV21,2
HAT12-00,2
HAT174,2
HAT143-00,2
HAT117-00,2
HAT136,2
HAT11,2
HAT110-00,2
HAT118,2
H9,2
HAT123-00,2
HAT111-00,2
HAT106,2
HAT179,2
HAT168,2
HAT141,2
HAT101-01,2
HAT173,2
HAT156,2
HAT151-00-2BHIP,2
HAT122-00-2BHIP,2
HAT125-00,2
HAT157,2
H8,2
HAT153,2
HAT137-00,2
HAT113-00,2
HAT188-00,2
HAT149,2
HAT163,2
HAT112-00-2BHIP,2
HAT127-00,2
HAT120-01,2
HAT15-00,2
HAT131-00,2
HAT142-00,2
HAT146,2
HAT139-00,2
HAT128-00,2
HAT100-01,2
HAT159-00,2
HAT135,2
HAT170,2
HAT144,2
HAT122-00,2
H4,2
HAT112-00,2
HAT116-00,2
HAT169,2
HAT124-00,2
HAT109-00,2
HAT17-00,2
HAT129,2
HAT166-00,2
H5,2
HAT150-00,2
HAT124-00-2BHIP,2
HAT152-00,2
HAT115,2
HAT133-00,2
HAT172-00,2
HAT167,2
HAT16-01,2
H2,2
HAT1-00,2
HAT119-00,2
HAT121-00,2
HAT178,2
HAT176,2
HAT147,2
HAT154,2
HAT175,2
HAT10-00,2
HAT13,2
HAT132-00,2
HAT134,2
HAT102-01,2
HAT108-00,2
HAT151-00,2
HAT105-01,2
HAT137,2
HAT165-00,2
HAT187,2
HAT114-01,2
HAT148,2
HAT164-00,2
HAT107-00,2
HAT04-02,2
HAT182,2
HAT162,2
HAT155,2
HAT130-00,2
HAT171-00,2
HAT126-00,2
HAT181,2
HAT126-00-2BHIP,2
HAT187-01,2
HAT14,2
HAT145,2
HAT161,2
HAT104-01,2
HAT270,2
HAT263,2
HAT271,2
HAT202-FBA,2
HAT205,2
HAT190,2
HAT257,2
HAT189,2
HAT208-2BHIP,2
HAT266,2
HAT25-01,2
HAT214,2
HAT193,2
HAT209,2
HAT215,2
HAT199-2BHIP,2
HAT221,2
HAT231,2
HAT228,2
HAT223,2
HAT20-00,2
HAT250,2
HAT221-FBM,2
HAT245,2
HAT218,2
HAT253,2
HAT240,2
HAT239,2
HAT204-FBM,2
HAT267,2
HAT232,2
HAT191,2
HAT2-00,2
HAT217-2BHIP,2
HAT260,2
HAT27-00,2
HAT256,2
HAT211-FBM,2
HAT258,2
HAT21-01,2
HAT19-00,2
HAT26-01,2
HAT201-2BHIP,2
HAT254,2
HAT189-00,2
HAT241,2
HAT261,2
HAT24-01,2
HAT246,2
HAT259,2
HAT222-2BHIP,2
HAT243,2
HAT201,2
HAT269,2
HAT249,2
HAT203,2
HAT216,2
HAT220-2BHIP,2
HAT233,2
HAT199,2
HAT264,2
HAT213,2
HAT230-00,2
HAT211,2
HAT208,2
HAT26-01-2BHIP,2
HAT242,2
HAT217,2
HAT210,2
HAT212,2
HAT265,2
HAT22-01,2
HAT241-FBA,2
HAT219,2
HAT255,2
HAT225,2
HAT244,2
HAT206,2
HAT210-2BHIP,2
HAT226,2
HAT248,2
HAT23-00,2
HAT204,2
HAT197,2
HAT229,2
HAT252,2
HAT196,2
HAT194,2
HAT202,2
HAT247-00,2
HAT195,2
HAT230,2
HAT251,2
HAT262,2
HAT200,2
HAT223-FBM,2
HAT227,2
HAT268,2
HAT198,2
HAT224,2
HAT286,2
HAT330,2
HAT339-FBM,2
HAT344-FBA,2
HAT331,2
HAT294,2
HAT32,2
HAT30-00,2
HAT285,2
HAT333,2
HAT352,2
HAT313,2
HAT288,2
HAT273,2
HAT287,2
HAT322-2BHIP,2
HAT340-FBA,2
HAT291,2
HAT344,2
HAT324,2
HAT302,2
HAT297,2
HAT349-FBA,2
HAT321,2
HAT323,2
HAT314,2
HAT322,2
HAT315,2
HAT300,2
HAT336,2
HAT295,2
HAT28-00,2
HAT345,2
HAT320,2
HAT272-2BHIP,2
HAT292,2
HAT351,2
HAT346,2
HAT303,2
HAT343,2
HAT307,2
HAT353,2
HAT305,2
HAT306,2
HAT278,2
HAT304,2
HAT279,2
HAT3-00,2
HAT318-2BHIP,2
HAT293,2
HAT345-FBA,2
HAT274,2
HAT277,2
HAT276,2
HAT340,2
HAT336-FBM,2
HAT310,2
HAT318,2
HAT316,2
HAT347-FBA,2
HAT335,2
HAT275,2
HAT289,2
HAT34-00,2
HAT298,2
HAT319-2BHIP,2
HAT311,2
HAT32-00,2
HAT282,2
HAT337-FBA,2
HAT280,2
HAT332,2
HAT350-FBA,2
HAT299,2
HAT301,2
HAT347,2
HAT341,2
HAT349,2
HAT296,2
HAT308,2
HAT309,2
HAT338,2
HAT325,2
HAT35-00,2
HAT327,2
HAT338-FBA,2
HAT334,2
HAT290,2
HAT326,2
HAT350,2
HAT29-01,2
HAT283,2
HAT284,2
HAT337,2
HAT329,2
HAT348,2
HAT317,2
HAT312,2
HAT328,2
HAT281,2
HAT392,2
HAT365,2
HAT441,2
HAT400,2
HAT45,2
HAT439,2
HAT444,2
HAT364-FBA,2
HAT354,2
HAT414,2
HAT403,2
HAT366,2
HAT408-2BHIP,2
HAT383,2
HAT36-00,2
HAT398,2
HAT394,2
HAT393,2
HAT426,2
HAT43-00,2
HAT378,2
HAT423,2
HAT375,2
HAT384,2
HAT453-C13,2
HAT374,2
HAT386-FBA,2
HAT401,2
HAT364,2
HAT42,2
HAT367-FBA,2
HAT376,2
HAT425,2
HAT454-C13,2
HAT41-00,2
HAT388,2
HAT363,2
HAT38-00,2
HAT354-FBA,2
HAT381,2
HAT412,2
HAT422,2
HAT37-00,2
HAT367,2
HAT440,2
HAT372,2
HAT359,2
HAT389,2
HAT379-00,2
HAT409-2BHIP,2
HAT361,2
HAT443,2
HAT442,2
HAT362-FBA,2
HAT370,2
HAT362,2
HAT451,2
HAT399,2
HAT355,2
HAT373-2BHIP,2
HAT396,2
HAT407,2
HAT404,2
HAT397,2
HAT40-00,2
HAT405,2
HAT411,2
HAT390,2
HAT427,2
HAT38-00-2BHIP,2
HAT387,2
HAT395,2
HAT361-FBA,2
HAT415,2
HAT385-00,2
HAT357-FBM,2
HAT428,2
HAT368-2BHIP,2
HAT386,2
HAT391,2
HAT420,2
HAT353-FBA,2
HAT406,2
HAT369,2
HAT356-00,2
HAT356-FBA,2
HAT360-FBA,2
HAT409,2
HAT358,2
HAT360,2
HAT382,2
HAT402,2
HAT421,2
HAT413,2
HAT408,2
HAT371,2
HAT410,2
HAT373,2
HAT8-00,2
HD104,2
HAT75-00,2
HAT6-01,2
HD143,2
HD142,2
HD136,2
HD120,2
HAT85-00,2
HD112,2
HD13-EBAY,2
HD103,2
HAT64-01,2
HAT99-00,2
HAT59-00,2
HAT456-C13,2
HAT459-D13,2
HAT46-00,2
HD125,2
HAT69,2
HAT455-C13,2
HAT71-00,2
HAT70-00,2
HD126-01,2
HD102,2
HD108,2
HAT48-00,2
HAT55-00,2
HAT89-00,2
HD144,2
HD10-02,2
HAT51-00,2
HD110,2
HD105,2
HD138,2
HAT87-00,2
HAT82-00,2
HAT57-00,2
HAT60-00,2
HD11-EBAY,2
HAT97-00,2
HAT457-C13,2
HD137,2
HD115,2
HAT79-00,2
HAT93-00,2
HD113,2
HD107,2
HAT52-00,2
HD139,2
HAT53-00,2
HD14-00,2
HD121,2
HD111,2
HAT7-01,2
HD118,2
HAT95-00,2
HAT78-00,2
HD123,2
HAT74-00,2
HAT80-00,2
HD147,2
HAT98-00,2
HD135,2
HAT56-00,2
HD10-EBAY,2
HD145,2
HAT88-00,2
HD140,2
HAT5-01,2
HD130,2
HD114,2
HAT68,2
HAT90-00,2
HAT460-D13,2
HD141,2
HAT84-00,2
HD106,2
HAT62-00,2
HAT96,2
HD146,2
HD12-00,2
HD122,2
HD116,2
HD122-00,2
HAT83-00,2
HAT63-01-FBA,2
HAT63-01,2
HD124,2
HD109,2
HAT65-01,2
HD117,2
HAT47-00,2
HAT92-00,2
HD101,2
HAT67-00,2
HAT65-01-2BHIP,2
HAT76-00,2
HD14-EBAY,2
HD119,2
HD3-00,2
HD21,2
HD43,2
HD19,2
HD16-EBAY,2
HD222-D13,2
HD221-C13,2
HD37,2
HD20-01,2
HD195,2
HD188,2
HD191,2
HD29-00,2
HD175,2
HD15-01,2
HD24-01,2
HD182,2
HD172,2
HD4-00,2
HD160,2
HD161,2
HD36,2
HD200,2
HD149,2
HD151,2
HD4-01,2
HD225-D13,2
HD209-FBA,2
HD166,2
HD220-C13,2
HD41-00,2
HD36-00,2
HD38,2
HD210,2
HD218-C13,2
HD45-00,2
HD17-EBAY,2
HD173,2
HD198,2
HD192,2
HD169,2
HD213,2
HD179,2
HD183,2
HD156,2
HD18-EBAY,2
HD209,2
HD23-00,2
HD154,2
HD189,2
HD158,2
HD193,2
HD178,2
HD148,2
HD217-C13,2
HD46-00,2
HD201,2
HD32,2
HD211,2
HD22-01,2
HD177,2
HD157,2
HD150,2
HD167,2
HD164,2
HD170,2
HD30-00,2
HD27-00,2
HD174,2
HD168,2
HD159,2
HD42,2
HD214-C13,2
HD26-00,2
HD40-00,2
HD17,2
HD215-C13,2
HD216-C13,2
HD212,2
HD153,2
HD176,2
HD190,2
HD28-00,2
HD15-EBAY,2
HD152,2
HD196,2
HD162,2
HD180,2
HD165,2
HD197-00,2
HD208,2
HD43-00,2
HD163,2
HD202,2
HD226-D13,2
HD181,2
HD171,2
HD44,2
HD4-00-EBAY,2
HD48-00,2
I11,2
K40,2
K20,2
I12,2
K30,2
JOURNAL4,2
HD55,2
HD64,2
I22,2
HD53-00,2
I5,2
JA05,2
HD59-00,2
I6,2
I20,2
K43,2
K31,2
HD7-00,2
I28,2
HD85,2
K4,2
HD78,2
JA04,2
HD99,2
I4,2
K10,2
K11,2
HD49-00,2
HD67-EBAY,2
K21-EBAY,2
K12,2
HD63,2
HK9,2
K44,2
HD50-00,2
HD51-00,2
JOURNAL1,2
I23,2
K42,2
I1,2
I29,2
I37,2
I40,2
JOURNAL8,2
HK2,2
I31,2
K37,2
I36,2
I17,2
J4-EBAY,2
K38,2
JA08-C13,2
K26,2
HD5-01,2
K3-00,2
JA09-D13,2
I16,2
HD52-00,2
I32,2
JA03,2
I2,2
I39,2
HD66,2
I42,2
HK1,2
I18,2
I35,2
JA2-00,2
HD92,2
I30,2
K35,2
I7,2
K45,2
JOURNAL6,2
HD87,2
I41,2
HD8-00,2
HD86,2
I13,2
HD96,2
I34,2
K22,2
I19,2
I24,2
HK5,2
K41,2
JOURNAL5,2
JOURNAL7,2
I14,2
I3,2
HD65,2
HD61-00,2
JOURNAL2,2
HD72-00,2
K23,2
JA1,2
HD75,2
I38,2
K36,2
JOURNAL3,2
LB21,2
LB32,2
LG35-00,2
LG102,2
K57-EBAY,2
LB42,2
KC21,2
LG106-8020X,2
KC9,2
KC20,2
KC22,2
K79,2
K58,2
LG22-00,2
LG100,2
KC19,2
LG28-00,2
K64,2
LG105-7999X,2
LG114,2
LG110,2
LG101,2
LG26-00,2
KC5,2
K47,2
LG3,2
K66,2
LG32,2
LG24-00,2
LG15,2
LG1,2
LG30-00,2
K53,2
LG104,2
LG14,2
LG11,2
K74,2
KC6,2
K48,2
KC16,2
K69,2
K54,2
KC23,2
LG111,2
KC13,2
LG2,2
K77,2
LG109,2
LG12,2
LG19,2
LG34-00,2
LG23-00,2
LG34,2
KC17,2
K7,2
LB26,2
LG21,2
LB40,2
K51,2
LB29,2
LG18,2
LG16,2
LB30,2
LG20-00,2
K9,2
LA01,2
LB11-00,2
LG113,2
LB13,2
LG112-6280X,2
LG13,2
LG108,2
LG107,2
LG29,2
K6,2
KC01-EBAY,2
LG33,2
K68,2
LG27-00,2
LG17,2
LG25-00,2
LG10,2
K5-EBAY,2
LB1-00,2
LB20,2
K70,2
LG103,2
KC18,2
K52,2
K63-EBAY,2
LG36-00,2
LG106,2
K62,2
LG105,2
LG31-00,2
KC02-EBAY,2
K55,2
LG107-8025X,2
LG108-8030X,2
KC11,2
LG49,2
LG58,2
LI-26,2
LI-14,2
LG89-00,2
LG94-00,2
LG90,2
LG57,2
LG62-00,2
LI-23,2
LG70,2
LG64,2
LG82,2
LI-44,2
LG39-00,2
LI-46,2
LG93-00,2
LG81,2
LG91-00,2
LI-29,2
LG53-00,2
LI-61,2
LG83,2
LG8,2
LG96-00,2
LI-31,2
LG54-00,2
LG88,2
LI-11,2
LI-48,2
LG6,2
LI-54,2
LG5,2
LG71,2
LI-64,2
LG72,2
LG42-00,2
LG65,2
LI-20,2
LI-8,2
LI-45,2
LG44-00,2
LG40,2
LI-50,2
LG75,2
LG87-00,2
LG38-00,2
LI-43,2
LI-63,2
LG60-00,2
LI-12,2
LG45,2
LG7,2
LG4,2
LG59-00,2
LI-5,2
LG77-00,2
LG68-00,2
LI-21,2
LG41-00,2
LG92,2
LI-7,2
LI-42,2
LI-65,2
LG76,2
LI-3,2
LG74-00,2
LI-28,2
LG48,2
LI-6,2
LG95-00,2
LG55-00,2
LG98,2
LG84-00,2
LG99,2
LG50,2
LG47-00,2
LG37-00,2
LG56-00,2
LG51,2
LG78,2
LG79,2
LG73,2
LG52-00,2
LI-57,2
LG43-00,2
LI-53,2
LG63,2
LG86,2
LI-27,2
LI-24,2
LG97-00,2
LG46,2
LG61-00,2
LG80-00,2
LG85,2
LG66-00,2
LG67-00,2
LG69,2
LG9,2
MA35,2
MA34,2
LW49,2
LW61,2
MA1,2
MA28,2
LW50,2
LW1-EBAY,2
LW3,2
LW51,2
MA32,2
LW42,2
MA11,2
M40-EBAY,2
LW6,2
LW62,2
LW2,2
LW4,2
LW26,2
LW33,2
LW13,2
LW45,2
M32,2
LW10,2
LW14,2
MA29,2
LW22,2
LI-9,2
LW39,2
M27,2
LW31,2
LW29,2
MA16,2
LW1,2
MA22,2
LW35,2
M41,2
LW57,2
LW44,2
LW36,2
LW28,2
M33,2
LW37,2
LW11,2
LW21,2
M42,2
M6-EBAY,2
LW43,2
LW32,2
M19-EBAY,2
LW60,2
LW23,2
MA23,2
LW17,2
LW48,2
LW20,2
LW59,2
LW9,2
M1-EBAY,2
LI73,2
LW19,2
LW30,2
MA31,2
LW41,2
LW56,2
LW2-EBAY,2
MA12,2
LOL-ZOOVY-BELT,2
LW7,2
LW27,2
LW58,2
LW40,2
MA10,2
LW52,2
LW18,2
LW53,2
LW24,2
MA14,2
LW34,2
LW8,2
MA13,2
LW54,2
MA19,2
M4-EBAY,2
LW25,2
LW38,2
M31,2
LW5,2
LW16,2
MA17,2
LW47,2
LW55,2
MA15,2
MA2,2
MA33,2
LW12,2
LW46,2
LW15,2
M9,2
M21,2
MRN,2
MCLIP14,2
MCLIP4,2
MRH,2
MBO,2
MWD,2
MCLIP7,2
MUG28,2
MSF,2
MCLIP17,2
MUG12,2
MWN,2
MA53,2
MWL,2
MWF,2
MUG35,2
MUG34,2
MGV,2
MA37,2
MWA,2
MUG8,2
MRW,2
MA36,2
MWO,2
MUG29,2
MUG13,2
MCLIP6,2
MCLIP16,2
MUG40,2
MWM,2
MUG14,2
MWQ,2
MRD,2
MUG26,2
MCLIP5,2
MRS,2
MGN,2
MUG10,2
MUG4,2
MCLIP3,2
MA55,2
MA5,2
MA51,2
MWP,2
MSC,2
MSI,2
MUG30,2
MA50,2
MA46,2
MRT,2
MUG31,2
MA56,2
MUG17,2
MA7,2
MCLIP01-EBAY,2
MWE,2
MUG7,2
MUG2-00,2
MUG5,2
MA49,2
MUG27,2
MRR,2
MUG11,2
MUG22,2
MUG25,2
MUG32,2
MUG16,2
MCLIP12,2
MUG24,2
MA52,2
MUG19,2
MWC,2
MUG15,2
MWJ,2
MA48,2
MUG33,2
MUG9,2
MUG1-00,2
MSN,2
MUG03-00,2
MUG20,2
MRI,2
MUG18,2
MWB,2
MWK,2
MA6,2
MWG,2
MA47,2
MUG23,2
MUG6,2
MUG36,2
MCLIP11,2
MSL,2
MCLIP18,2
MUG21,2
MUG37,2
MBA,2
MSU,2
MUG38,2
MRF,2
O47,2
O5,2
N3,2
N20,2
N2,2
ON10-00,2
NK46,2
ON107,2
N5,2
ON123,2
ON111,2
ON129,2
NK16,2
O42,2
ON125,2
ON112,2
O10,2
N13,2
NK43,2
N22,2
N26,2
N1-00,2
O46,2
NK36,2
ON107-2BHIP,2
O7,2
O35,2
N21,2
O12,2
ON124,2
ON115,2
ON106,2
NK38,2
ON117,2
ON1,2
MWT,2
ON13,2
NK40,2
N25,2
N28,2
ON118,2
ON119,2
N6,2
ON120,2
N15,2
N7,2
NK44,2
O14,2
O11,2
ON104-2BHIP,2
ON126,2
ON113,2
O1-EBAY,2
N12-EBAY,2
O2-00,2
N4,2
ON121,2
ON101,2
MWW,2
NK39,2
O1,2
ON103,2
ON104,2
O3,2
ON102,2
ON116,2
N16,2
MWY,2
NK17,2
O17-DC,2
ON127,2
MWV,2
MWR,2
ON108,2
NK5,2
O54,2
MWZ,2
O52,2
ON11-00,2
ON105,2
ON128,2
NK48,2
O29,2
O45,2
O33,2
ON122,2
NK41,2
NK14,2
MWX,2
N24,2
N23,2
O24,2
MWS,2
NK42,2
ON100,2
O50,2
ON110,2
N11,2
N17,2
N8-EBAY,2
ON135,2
ON183,2
ON214,2
ON169,2
ON213-FBM,2
ON168,2
ON184,2
ON22,2
ON209,2
ON142,2
ON136,2
ON158,2
ON2-00,2
ON185,2
ON2,2
ON220,2
ON232,2
ON143,2
ON23-00,2
ON153-FBM,2
ON130,2
ON131,2
ON219,2
ON132,2
ON170-2BHIP,2
ON167,2
ON154-2BHIP,2
ON156,2
ON159,2
ON138-00,2
ON182,2
ON166,2
ON21-00,2
ON186,2
ON194,2
ON173,2
ON145,2
ON148-00,2
ON144,2
ON181,2
ON14,2
ON179,2
ON140,2
ON17-00,2
ON172,2
ON216,2
ON175,2
ON151-00,2
ON215,2
ON19,2
ON16-00,2
ON170,2
ON187,2
ON190,2
ON15-00,2
ON191-FBM,2
ON164,2
ON201,2
ON177,2
ON174,2
ON200,2
ON199,2
ON180,2
ON185-FBM,2
ON16-01,2
ON137-01,2
ON222,2
ON160,2
ON149-00,2
ON139-00,2
ON165,2
ON161,2
ON171,2
ON189,2
ON221,2
ON19-00,2
ON157,2
ON152-00,2
ON150-00,2
ON217,2
ON202,2
ON218,2
ON178,2
ON18,2
ON203,2
ON198,2
ON134,2
ON193,2
ON210,2
ON176,2
ON208,2
ON133,2
ON212,2
ON192,2
ON154,2
ON163,2
ON162,2
ON211,2
ON188,2
ON155,2
ON238,2
ON76,2
ON48,2
ON280-C13,2
ON291-C13,2
ON243,2
ON286-C13,2
ON237,2
ON27,2
ON240,2
ON293-D13,2
ON75,2
ON7-00,2
ON29,2
ON245,2
ON7,2
ON233,2
ON59,2
ON4,2
ON251,2
ON246,2
ON45,2
ON60,2
ON49,2
ON294D13,2
ON288-C13,2
ON298-D13,2
ON293-C13,2
ON258,2
ON31-00,2
ON256,2
ON28-00,2
ON283-C13,2
ON289-C13,2
ON292-C13,2
ON6-00,2
ON64,2
ON282-C13,2
ON284-C13,2
ON25,2
ON302D13,2
ON290-C13,2
ON47-DC,2
ON35,2
ON296-D13,2
ON68,2
ON3,2
ON244,2
ON287-C13,2
ON26,2
ON30,2
ON241,2
ON242,2
ON63-DC,2
ON24,2
ON235,2
ON50,2
ON295-D13,2
ON66,2
ON70,2
ON32-00,2
ON43-EBAY,2
ON285-C13,2
ON71,2
ON252,2
ON65,2
ON3-00,2
ON61,2
ON254,2
ON56,2
ON234,2
ON33,2
ON62,2
ON303D13,2
ON40,2
ON55,2
ON69,2
ON236,2
ON31,2
ON77,2
ON73,2
ON250,2
ON57,2
ON257,2
ON46,2
ON253,2
ON72,2
PJ11,2
ON91,2
R13,2
R1,2
P29,2
PLUSH4,2
ON88,2
P2,2
PIN8,2
P25,2
PA7,2
P55,2
P49,2
P47,2
P33,2
P30,2
PIN7,2
P21,2
P3,2
R32-DC,2
R131,2
R121,2
P44,2
ON86,2
P5,2
ON85,2
ON84,2
PA6,2
P42,2
PJ10,2
P36,2
R1-EBAY,2
ON9,2
ON8,2
PUZ1,2
R117,2
R46,2
P41,2
P10-EBAY,2
ON87,2
PLUSH3,2
PIN4,2
R102,2
P19,2
R57,2
R16,2
ON78,2
PA8,2
P8,2
P46,2
PIN3,2
R15,2
R10-00,2
PJ1,2
P12,2
R50,2
P39,2
P53,2
ON96,2
R127,2
R103,2
PJ03,2
PLASMA2,2
PJ08,2
R56,2
R125,2
PLASMA1,2
ON97,2
R11-00,2
R1-00,2
PJ04,2
ON79,2
R31-DC,2
ON93,2
P54,2
R5-00,2
ON94,2
PJ05,2
PJ12,2
PIN5,2
ON95,2
ON80,2
R111,2
P27,2
ON92,2
PJ2,2
PJ07,2
PJ09,2
R129,2
P31,2
ON82,2
PA2,2
ON98,2
PJ06,2
ON81,2
PA5,2
PLUSH1,2
R119,2
PLUSH2,2
RH1,2
RHINE29,2
SCARF06,2
RHINE7,2
R7-00,2
SHOEM39,2
SET3-00,2
SHOEM20-FBM,2
SHOEM49,2
SHOEM22,2
SHOEM21,2
RHINE5,2
SHOEM31,2
SET6-00,2
SHOEM38,2
RB03,2
SHOEM4-00,2
SET12,2
RH2,2
S9,2
S14,2
S25,2
SHOEM48,2
SHOEM2-00,2
SHOEM32,2
SET4-01,2
R66,2
S16,2
SHOEM27,2
SET16-C13,2
SCARF05,2
SHOEM18,2
SET11,2
RB01,2
RHINE20,2
RHINE21,2
S15,2
SHOEM28,2
R70,2
SET8-00,2
S21,2
SHOEM45,2
SHOEM40,2
SET13,2
SHOEM16,2
SHOEM6,2
SHOEM41,2
SCARF04,2
SHOEM36,2
SHOEM35,2
SET17-C13,2
SET2-00,2
SET5,2
S5-EBAY,2
SET9-00,2
SHOEM19,2
S23,2
SCARF3,2
SET1-01,2
SHOEM26-FBM,2
SCARF2,2
R8-00,2
SCARF1,2
SET14,2
SHOEM20,2
R9-00,2
SHOEM23,2
SHOEM8-00,2
SHOEM47,2
R68,2
SHOEM50-C13,2
SHOEM34,2
SCARF08,2
RH4,2
SHOEM33,2
S28,2
SHOEM37,2
RHINE6,2
SHOEM25,2
SHOEM29,2
SHOEM5,2
SHOEM43,2
SHOEM7-00,2
SHOEM24,2
SHOEM1-00,2
R6,2
SET15,2
SHOEM30,2
RICKTEST,2
SET7,2
RHINE4,2
RB02,2
SHOEM3-00,2
SHOEM6-00,2
SHOEM17,2
SHOEM26,2
SET10-00,2
SHOEM42,2
R59,2
SHOEM44,2
SHOT23,2
SHOT13,2
SHOEW13,2
SHOEW10,2
SIGN21,2
SHOT5,2
SOX103,2
SHOT24,2
SHOT17,2
SHOT18,2
SHOEW12,2
SOX118,2
SIGN13,2
SOX132,2
SHOT33,2
SHOT4,2
SHOT14,2
SHOT28,2
SHOEW8,2
SHOT27,2
SOX104,2
SHOEW2,2
SOX10-00,2
SIGN11,2
SOX102,2
SHOT32,2
SOX130,2
SOX140,2
SOX110,2
SHOT10,2
SHOEW7,2
SHOT8,2
SHOEM9,2
SIGN27,2
SOX126,2
SOX123,2
SOX100,2
SOX135,2
SIGN8,2
SOX114,2
SIGN3,2
SHOT9,2
SOX125,2
SOX109,2
SHOT3,2
SHOT22,2
SOX117,2
SOX133,2
SIGN9,2
SOX111,2
SOX112,2
SHOT7,2
SIGN24,2
SOX106,2
SHOT1,2
SIGN15,2
SOX11-00,2
SHOEW6,2
SOX124,2
SIGN29,2
SOX134,2
SHOT19,2
SHOT21,2
SHOT2,2
SOX14-00,2
SOX122,2
SOX121,2
SOX101,2
SOX108,2
SOX120,2
SOX119,2
SOX13-01,2
SOX1,2
SHOT31,2
SHOT6,2
SHOEW9,2
SHOT30,2
SOX115,2
SOX12-00,2
SOX139,2
SHOT26,2
SHOEW14,2
SOX127,2
SOX113,2
SIGN25,2
SOX136,2
SOX129,2
SIGN20,2
SOX105,2
SHOEW4,2
SHOT20,2
SHOT16,2
SOX116,2
SOX137,2
SOX138,2
SHOT15,2
SIGN34,2
SOX107,2
SOX128,2
SHOT25,2
SOX187,2
SOX178,2
SOX212,2
SOX151,2
SOX180,2
SOX172,2
SOX152,2
SOX182,2
SOX199,2
SOX225,2
SOX195,2
SOX167,2
SOX142,2
SOX226,2
SOX219,2
SOX205,2
SOX230,2
SOX206,2
SOX147,2
SOX174,2
SOX186,2
SOX207,2
SOX220,2
SOX203,2
SOX181,2
SOX156,2
SOX197,2
SOX188,2
SOX191,2
SOX204,2
SOX194,2
SOX154,2
SOX171,2
SOX166,2
SOX169,2
SOX189,2
SOX17-00,2
SOX148,2
SOX16-00,2
SOX160,2
SOX170,2
SOX216,2
SOX211,2
SOX196,2
SOX177,2
SOX15-00,2
SOX175,2
SOX158,2
SOX208,2
SOX18-00,2
SOX209,2
SOX184,2
SOX165,2
SOX215,2
SOX150,2
SOX192,2
SOX145,2
SOX19-00,2
SOX20-00,2
SOX223,2
SOX146,2
SOX163,2
SOX161,2
SOX162,2
SOX185,2
SOX224,2
SOX200,2
SOX183,2
SOX229,2
SOX228,2
SOX176,2
SOX2-00,2
SOX149,2
SOX190,2
SOX222,2
SOX22,2
SOX144,2
SOX201,2
SOX164,2
SOX227,2
SOX155,2
SOX21-00,2
SOX143,2
SOX173,2
SOX198,2
SOX218,2
SOX217,2
SOX210,2
SOX179,2
SOX202,2
SOX159,2
SOX23-00,2
SOX157,2
SOX153,2
SOX193,2
SOX141,2
SOX168,2
SOX213,2
SOX214,2
SOX221,2
SOX281,2
SOX262,2
SOX234,2
SOX300,2
SOX314,2
SOX308,2
SOX301,2
SOX282,2
SOX261,2
SOX3-00,2
SOX254,2
SOX294,2
SOX32,2
SOX243,2
SOX272,2
SOX316,2
SOX307,2
SOX269,2
SOX315,2
SOX257,2
SOX306,2
SOX284,2
SOX277,2
SOX309,2
SOX231,2
SOX244,2
SOX255,2
SOX321,2
SOX260,2
SOX279,2
SOX276,2
SOX239,2
SOX266,2
SOX319,2
SOX259,2
SOX286,2
SOX248,2
SOX298,2
SOX30,2
SOX320,2
SOX287,2
SOX312,2
SOX288,2
SOX317,2
SOX246,2
SOX250,2
SOX249,2
SOX323-DC,2
SOX322-DC,2
SOX313,2
SOX271,2
SOX253,2
SOX274,2
SOX289,2
SOX247,2
SOX280,2
SOX311,2
SOX293,2
SOX232,2
SOX264,2
SOX318,2
SOX304,2
SOX285,2
SOX310,2
SOX31,2
SOX237,2
SOX236,2
SOX256,2
SOX245,2
SOX290,2
SOX252,2
SOX265,2
SOX258,2
SOX270,2
SOX305,2
SOX303,2
SOX263,2
SOX291,2
SOX27,2
SOX299,2
SOX302,2
SOX241,2
SOX278,2
SOX283,2
SOX29-00,2
SOX238,2
SOX295,2
SOX267,2
SOX275,2
SOX26-00,2
SOX292,2
SOX235,2
SOX268,2
SOX240,2
SOX273,2
SOX296,2
SOX233,2
SOX242,2
SOX297,2
SOX251,2
SOX415,2
SOX44,2
SOX403,2
SOX45,2
SOX426,2
SOX425,2
SOX473,2
SOX460,2
SOX4-00,2
SOX463,2
SOX43,2
SOX424,2
SOX325-DC,2
SOX458,2
SOX330-DC,2
SOX434,2
SOX454,2
SOX469,2
SOX326-DC,2
SOX40-00,2
SOX442,2
SOX37-00,2
SOX433,2
SOX419,2
SOX332-DC,2
SOX333-DC,2
SOX448,2
SOX429,2
SOX474,2
SOX417,2
SOX443,2
SOX440,2
SOX465,2
SOX418,2
SOX472,2
SOX446,2
SOX459,2
SOX416,2
SOX461,2
SOX405,2
SOX470,2
SOX327-DC,2
SOX428,2
SOX444,2
SOX457,2
SOX39,2
SOX402,2
SOX41-00,2
SOX409,2
SOX455,2
SOX408,2
SOX432,2
SOX436,2
SOX423,2
SOX468,2
SOX35,2
SOX450,2
SOX447,2
SOX430,2
SOX435,2
SOX467,2
SOX329-DC,2
SOX401,2
SOX471,2
SOX42-00,2
SOX33,2
SOX456,2
SOX331-DC,2
SOX420,2
SOX437,2
SOX38-00,2
SOX431,2
SOX464,2
SOX452,2
SOX422,2
SOX438,2
SOX439,2
SOX462,2
SOX427,2
SOX441,2
SOX412,2
SOX411,2
SOX46,2
SOX406,2
SOX328-DC,2
SOX47,2
SOX324-DC,2
SOX413,2
SOX410,2
SOX451,2
SOX404,2
SOX449,2
SOX421,2
SOX445,2
SOX407,2
SOX400,2
SOX36-00,2
SOX34,2
SOX414,2
SOX453,2
SOX565,2
SOX556,2
SOX515,2
SOX487,2
SOX497,2
SOX547,2
SOX566,2
SOX518,2
SOX539,2
SOX517,2
SOX490,2
SOX559,2
SOX498,2
SOX52,2
SOX531,2
SOX55-00,2
SOX510,2
SOX501,2
SOX486,2
SOX50,2
SOX530,2
SOX524,2
SOX521,2
SOX496,2
SOX477,2
SOX480,2
SOX479,2
SOX545,2
SOX560,2
SOX551,2
SOX522,2
SOX500,2
SOX478,2
SOX528,2
SOX509,2
SOX505,2
SOX552,2
SOX546,2
SOX535,2
SOX5-00,2
SOX492,2
SOX49,2
SOX491,2
SOX485,2
SOX48,2
SOX499,2
SOX508,2
SOX544,2
SOX54-00,2
SOX511,2
SOX56-00,2
SOX51,2
SOX493,2
SOX550,2
SOX543,2
SOX533,2
SOX555,2
SOX483,2
SOX520,2
SOX538,2
SOX495,2
SOX481,2
SOX482,2
SOX494,2
SOX532,2
SOX526,2
SOX484,2
SOX534,2
SOX475,2
SOX562,2
SOX506,2
SOX536,2
SOX519,2
SOX507,2
SOX542,2
SOX554,2
SOX489,2
SOX516,2
SOX504,2
SOX476,2
SOX513,2
SOX567,2
SOX564,2
SOX557,2
SOX548,2
SOX541,2
SOX527,2
SOX558,2
SOX512,2
SOX561,2
SOX537,2
SOX523,2
SOX525,2
SOX53,2
SOX529,2
SOX553,2
SOX488,2
SOX514,2
SOX540,2
SOX549,2
SOX576,2
SOX67,2
SOX64,2
SOX636,2
SOX65,2
SOX603,2
SOX69,2
SOX588,2
SOX592,2
SOX78,2
SOX620,2
SOX57-00,2
SOX77,2
SOX62,2
SOX601,2
SOX58-00,2
SOX72,2
SOX613,2
SOX621,2
SOX599,2
SOX626,2
SOX82,2
SOX60,2
SOX568,2
SOX590,2
SOX63,2
SOX609,2
SOX6-00,2
SOX66,2
SOX628,2
SOX59,2
SOX622,2
SOX604,2
SOX633,2
SOX575,2
SOX581,2
SOX598,2
SOX639,2
SOX597,2
SOX578,2
SOX623,2
SOX638,2
SOX608,2
SOX80,2
SOX61,2
SOX637,2
SOX580,2
SOX583,2
SOX79,2
SOX627,2
SOX634,2
SOX596,2
SOX73,2
SOX569,2
SOX71,2
SOX631,2
SOX573,2
SOX70,2
SOX582,2
SOX595,2
SOX585,2
SOX624,2
SOX7-00,2
SOX610,2
SOX81,2
SOX75,2
SOX74,2
SOX630,2
SOX617,2
SOX579,2
SOX577,2
SOX602,2
SOX606,2
SOX570,2
SOX587,2
SOX607,2
SOX594,2
SOX574,2
SOX635-FBM,2
SOX593,2
SOX611,2
SOX615,2
SOX589,2
SOX571,2
SOX616,2
SOX68,2
SOX618,2
SOX8-00,2
SOX600,2
SOX584,2
SOX619,2
SOX605,2
SOX586,2
SOX629,2
SOX591,2
SOX612,2
SOX572,2
SOX614,2
SOX76,2
SOX625,2
TA71,2
TA41,2
TA30,2
TA9,2
TA19,2
TA11,2
TA84,2
TA70,2
TA66,2
SW03,2
SW01,2
TA13,2
TA34,2
TA36,2
TA69,2
TA57,2
TA83,2
SW07-00,2
TA68,2
TA18,2
TA52,2
TA31,2
TA10,2
TA4,2
TA81,2
TA76,2
TA50,2
TA82,2
TA37,2
TA78,2
SOX9,2
SW02,2
SOX94,2
TA38,2
TA24,2
TA14,2
TA59,2
TA33,2
SOX91,2
TA60,2
SOX92,2
TA35,2
SOX93,2
TA79,2
TA62,2
TA48,2
TA27,2
SW09-00,2
SOX89,2
SOX97,2
SOX87,2
SW08-00,2
SOX96,2
SW06-00,2
TA39,2
TA67,2
TA23,2
SOX83,2
TA54,2
TA74,2
TA58,2
TANKARD2,2
TA6,2
TA77,2
TA28,2
TA65,2
SOX98,2
SW05-00,2
SOX88,2
SPECIAL,2
TA75,2
TA32,2
TA47,2
TA46,2
SOX86,2
TA26,2
TA7,2
TA29,2
TA64,2
SOX99,2
SW04-00,2
TA63,2
SOX84,2
TA44,2
SOX90,2
TA16,2
TA61,2
TA56,2
TA73,2
TA17,2
TA12,2
TA42,2
TA8,2
TA55,2
SOX95,2
TA21,2
TA72,2
SOX85,2
TA80,2
TANKARD1,2
TE13,2
TC11,2
TC20,2
TOWEL24,2
TOWEL19,2
TESTTABLE2,2
TE5,2
TOWEL20,2
TC12,2
TOWEL18,2
TOWEL2-00,2
TC16,2
TH10,2
TE4,2
TOWEL17,2
TEST3,2
TC29,2
TOWEL25,2
TC15,2
TOWEL16,2
TH1,2
TOWEL22,2
TH14,2
TB1,2
TANKARD3,2
TC34,2
TOWEL03-00,2
TOWEL12,2
TE9,2
TH6,2
TC2,2
TESTPROD,2
TE8,2
TC44,2
TC19,2
TC4,2
TOWEL13,2
TANKARD5,2
TANKARD4,2
TH8,2
TC21,2
TC3,2
TOWEL14,2
TH7,2
TE3,2
TE2,2
TH9,2
TC7,2
TH2,2
TC35,2
TC6,2
TANKARD6,2
TC22,2
TC28,2
TC18,2
TC9,2
TH15,2
TE6,2
TESTTABLE,2
TOWEL15,2
TC17,2
TOWEL10,2
TC30,2
TH12,2
TOWEL27,2
TC13,2
TH4,2
TC27,2
TH3,2
TC26,2
TC5,2
TESTIMONIAL,2
TH5,2
TOWEL23,2
TOWEL11,2
TOWEL1-00,2
TC25,2
TC32,2
TOWEL21,2
TC10,2
TC23,2
TH13,2
TC38,2
TOWEL26,2
TC8,2
TC14,2
TC36,2
TH11,2
TC31,2
TE1,2
TOWEL28,2
TE7,2
TC24,2
TE11,2
TH17,2
TH16,2
TEST,2
TC40,2
TE12,2
TE10,2
TS1013,2
TS1011,2
TS1-00,2
TR25,2
TS1029,2
TS1036,2
TS103-01,2
TS1010,2
TR19,2
TS1040-01,2
TS1011-D13,2
TS1039-00,2
TOWEL5-00,2
TS1043,2
TS1016-00,2
TR20,2
TR26,2
TR14,2
TS1035,2
TS1020-00,2
TR27,2
TOWEL31,2
TS1007,2
TS1026-00,2
TS1040,2
TS1030-00,2
TS1028,2
TS1042-00,2
TS1014-01,2
TOWEL8,2
TR18,2
TS1034,2
TS1008,2
TOWEL4-00,2
TS1041,2
TS1027,2
TS1000-EBAY,2
TS1000,2
TS1,2
TS1002,2
TS1026,2
TR24,2
TS1033,2
TR15,2
TS1032,2
TS1020-01,2
TR7,2
TS1014-00,2
TR1,2
TS104-00,2
TS1006,2
TR9,2
TS1020,2
TR17,2
TS1022,2
TS1018-00,2
TR12,2
TR16,2
TS1031,2
TOWEL7,2
TR6,2
TR23,2
TR10,2
TR22,2
TS1001-EBAY,2
TS101-00,2
TS1017,2
TS103-00,2
TS10,2
TS103,2
TS1001,2
TS1021,2
TS1023,2
TS1016,2
TR13,2
TS1009,2
TOWEL9,2
TR8,2
TS1024,2
TS1004,2
TOWEL30,2
TS101,2
TS1037,2
TOWEL32,2
TS1019,2
TOWEL33,2
TS1012,2
TS1015,2
TOWEL29,2
TS08D13,2
TS1038,2
TR11,2
TR3,2
TS1-EBAY,2
TS1005,2
TS100-01,2
TS1003-00,2
TOWEL6,2
TR5,2
TS102,2
TS1085-00,2
TS1050-D13,2
TS1077,2
TS1083,2
TS1091,2
TS1068-00,2
TS1075-01,2
TS1051-00,2
TS1094,2
TS11,2
TS1081,2
TS1093,2
TS1071,2
TS1044,2
TS1047,2
TS1072,2
TS1078-C13,2
TS1070-01,2
TS1045-00,2
TS107-00,2
TS1070,2
TS108-01,2
TS1090,2
TS1082,2
TS1070-C13,2
TS1068-00-FBM,2
TS1046,2
TS1096-01,2
TS1057,2
TS1074-00,2
TS1084,2
TS1089,2
TS1088D13,2
TS1098,2
TS1092-C13,2
TS1073-01,2
TS1052-00,2
TS1053-EBAY,2
TS1058,2
TS1064,2
TS108,2
TS1045,2
TS1050-00,2
TS1097,2
TS1073,2
TS1048-00,2
TS1063,2
TS1065,2
TS1068,2
TS1066-01,2
TS1096,2
TS1056,2
TS1064-00,2
TS1095-00,2
TS1050-01,2
TS1057D13,2
TS1070-00,2
TS1099,2
TS109-03,2
TS1061-01,2
TS1048-00-FBM,2
TS1046-01,2
TS1086,2
TS1079,2
TS1062,2
TS105-02,2
TS1069-00,2
TS1061-00,2
TS1076,2
TS1078-00,2
TS1060,2
TS1055,2
TS1058-00,2
TS1076-D13,2
TS108-00,2
TS1054-00,2
TS110,2
TS105-01,2
TS1066-00,2
TS1069-01,2
TS1053-01,2
TS1062-00,2
TS106-00,2
TS109,2
TS106,2
TS1059,2
TS1047-00,2
TS1080,2
TS1069,2
TS1092,2
TS1087D13,2
TS1095,2
TS1082-00,2
TS1078,2
TS1085,2
TS107-01,2
TS1146-00,2
TS1133-00,2
TS111-02,2
TS1144,2
TS1107-00,2
TS1157,2
TS1127,2
TS1141,2
TS1109-00,2
TS1105,2
TS1103,2
TS114-01,2
TS1118D13,2
TS1157-01,2
TS1145,2
TS113-00,2
TS1133,2
TS1107,2
TS1111,2
TS1132,2
TS1143,2
TS1150-00,2
TS1131,2
TS1130,2
TS1130-01,2
TS114-00,2
TS1124-00,2
TS1140,2
TS1159-DC,2
TS1141-00,2
TS1128,2
TS1102,2
TS1146,2
TS1137,2
TS110-01,2
TS1110,2
TS1134-01,2
TS1129-00,2
TS1112-01,2
TS1154,2
TS1149,2
TS1103-00,2
TS1139,2
TS1117-01,2
TS1134-00,2
TS1158,2
TS1147,2
TS1150,2
TS1113,2
TS1114,2
TS1119-00,2
TS1136,2
TS113,2
TS1148,2
TS1121,2
TS1138,2
TS1109,2
TS1119-01,2
TS112-00,2
TS116,2
TS1135,2
TS1111-00,2
TS1105-01,2
TS1159-00,2
TS1108,2
TS1100,2
TS1101-01,2
TS1122,2
TS116-00,2
TS1116,2
TS1120-01,2
TS1125,2
TS1159-01,2
TS1104,2
TS115,2
TS1147-00,2
TS1128-00,2
TS1153,2
TS1101,2
TS111-00,2
TS1126,2
TS1127-00,2
TS1151,2
TS1129,2
TS1129-03,2
TS1160,2
TS1115-01,2
TS1134,2
TS1152-C13,2
TS1142,2
TS1119,2
TS1139-00,2
TS1142-00,2
TS1152,2
TS111-01,2
TS1156,2
TS1106,2
TS1155,2
TS1113-02,2
TS1123,2
TS1217,2
TS1228,2
TS1211,2
TS1188,2
TS1174-D13,2
TS1170,2
TS1187,2
TS1213,2
TS1195,2
TS1177,2
TS1186,2
TS1171,2
TS121-00,2
TS1189,2
TS1231-01,2
TS1224,2
TS1198,2
TS1208-00,2
TS1218,2
TS1179-00,2
TS1178,2
TS1229-01,2
TS123-02,2
TS1226,2
TS1206,2
TS1194-00,2
TS1176,2
TS119-00,2
TS1212,2
TS1234-02,2
TS1199,2
TS1167,2
TS1225,2
TS1172,2
TS12-00,2
TS1233-00,2
TS1220,2
TS1163,2
TS1183,2
TS122-01,2
TS1215,2
TS1169-00,2
TS1233,2
TS1162,2
TS1192,2
TS1200,2
TS1182,2
TS1216,2
TS1196,2
TS1191-00,2
TS1166,2
TS1225-00,2
TS1194-01,2
TS1173-00,2
TS1193,2
TS1168,2
TS1165,2
TS1205,2
TS1175,2
TS1209,2
TS1174,2
TS1191,2
TS1203,2
TS1161-00,2
TS121-EBAY,2
TS1169,2
TS1179,2
TS118,2
TS1204,2
TS1227-00,2
TS1219,2
TS117,2
TS1164,2
TS1207,2
TS1173,2
TS1201,2
TS122-00,2
TS1185,2
TS118-00,2
TS1197,2
TS121-01,2
TS1164-01,2
TS120-01,2
TS1220-00,2
TS1197-00,2
TS1214,2
TS1180,2
TS1221,2
TS123-01,2
TS1181,2
TS1184,2
TS1222,2
TS120-02,2
TS1202,2
TS1230,2
TS1232,2
TS1223,2
TS1190,2
TS1210-00,2
TS117-00,2
TS1292,2
TS1286-01,2
TS1242,2
TS1303,2
TS1256-00,2
TS1264,2
TS1304,2
TS1251,2
TS1280,2
TS1247,2
TS127-02,2
TS1290,2
TS1246,2
TS1288,2
TS1268-01,2
TS1299,2
TS1289,2
TS1272D13,2
TS1281,2
TS1305-00,2
TS1302,2
TS1258,2
TS1244,2
TS129,2
TS1306,2
TS1305,2
TS1235,2
TS1238,2
TS1253,2
TS13-00,2
TS1262,2
TS1259,2
TS1287,2
TS128-00,2
TS1274,2
TS1298,2
TS1297,2
TS1301-00,2
TS1276,2
TS1301,2
TS1248,2
TS1296,2
TS1293,2
TS1257,2
TS1294,2
TS1263,2
TS126-00,2
TS1270-01,2
TS1278,2
TS1236,2
TS13-01,2
TS1269-00,2
TS1267,2
TS1266,2
TS124-00,2
TS1241,2
TS1291,2
TS1255,2
TS1308,2
TS1268-00,2
TS1295,2
TS1260-00,2
TS1284,2
TS1300,2
TS1260,2
TS128-01,2
TS1251-00,2
TS1257-00,2
TS1307,2
TS1252,2
TS1286,2
TS1249,2
TS1254,2
TS130-01,2
TS125-00,2
TS1285,2
TS1283,2
TS1279,2
TS1256,2
TS129-00,2
TS1277,2
TS1258-D13,2
TS1237,2
TS1303-01,2
TS1261,2
TS1271,2
TS1282,2
TS1240,2
TS1245,2
TS1273,2
TS1298-00,2
TS1269,2
TS1248-00,2
TS1270,2
TS130-00,2
TS1265,2
TS130-EBAY,2
TS1268,2
TS1275D13,2
TS1239,2
TS1361,2
TS1386,2
TS1378,2
TS131-EBAY,2
TS1318-00,2
TS1385,2
TS1357,2
TS1369,2
TS1327,2
TS138-00,2
TS1380,2
TS137-01,2
TS1351,2
TS1341,2
TS1356-00,2
TS1352,2
TS1363,2
TS1385-00,2
TS1322,2
TS136,2
TS1333,2
TS1319,2
TS132-00,2
TS1376,2
TS1377,2
TS1366,2
TS1359,2
TS1326,2
TS1367,2
TS1371,2
TS1375,2
TS1347,2
TS1338,2
TS1364,2
TS133,2
TS1312,2
TS1311,2
TS1340,2
TS131-03,2
TS132-EBAY,2
TS133-EBAY,2
TS1309,2
TS1332,2
TS1340-00,2
TS1383,2
TS1344,2
TS1389,2
TS1370,2
TS1343,2
TS1384,2
TS1337,2
TS1310,2
TS1348,2
TS1325,2
TS1374,2
TS134-02,2
TS1313,2
TS1321,2
TS1335,2
TS1320,2
TS132,2
TS1387,2
TS1331,2
TS1317-00,2
TS1355,2
TS1324,2
TS1330,2
TS134-01,2
TS1357-00,2
TS135-00,2
TS1350,2
TS1354,2
TS1388,2
TS136-00,2
TS1334,2
TS1339,2
TS1360,2
TS138-EBAY,2
TS1349,2
TS1372,2
TS1373,2
TS1353,2
TS1315,2
TS1336,2
TS1345,2
TS1368,2
TS131-01,2
TS1316,2
TS1346,2
TS1329,2
TS1314,2
TS137-00,2
TS1381,2
TS1358-00,2
TS1323,2
TS1382,2
TS1365,2
TS133-00,2
TS1379,2
TS1342,2
TS1427,2
TS143-EBAY,2
TS1430,2
TS141-01,2
TS1395,2
TS1410,2
TS1460,2
TS1448,2
TS1445,2
TS1397,2
TS146-01,2
TS1447,2
TS1401,2
TS1433-00,2
TS1442,2
TS139-00,2
TS1420,2
TS1441,2
TS1408,2
TS1394,2
TS1464,2
TS1391,2
TS144-EBAY,2
TS1398,2
TS145-EBAY,2
TS1435,2
TS1417,2
TS1465,2
TS14,2
TS1424,2
TS1411-00,2
TS1402,2
TS145-00,2
TS1419,2
TS1453,2
TS1418,2
TS1414,2
TS1413,2
TS1390,2
TS1409-00,2
TS1399,2
TS1463,2
TS146-00,2
TS143D13,2
TS1412,2
TS1449,2
TS1439-00,2
TS1428,2
TS1432,2
TS1451,2
TS1431,2
TS1461,2
TS1450,2
TS1400,2
TS1392,2
TS1405-FBM,2
TS1404,2
TS1454,2
TS145-01,2
TS1412-00-FBM,2
TS1422,2
TS1403,2
TS140,2
TS1443,2
TS1452,2
TS1393-00,2
TS1407-00,2
TS1444,2
TS1423,2
TS1462,2
TS1456,2
TS1416,2
TS1421,2
TS1396,2
TS1455,2
TS144-01,2
TS1415,2
TS1459,2
TS1393,2
TS141-02,2
TS142-00,2
TS1429,2
TS1426,2
TS144-00,2
TS1440,2
TS1434-00,2
TS1458,2
TS1405,2
TS143-00,2
TS1436-00,2
TS1446,2
TS143-01,2
TS139,2
TS1438,2
TS142,2
TS141-EBAY,2
TS1410-FBM,2
TS1425,2
TS1457,2
TS1406-00,2
TS1498-00,2
TS1501,2
TS1492,2
TS15-00,2
TS1494,2
TS1468,2
TS150-01,2
TS153-EBAY,2
TS1467,2
TS1466,2
TS1507,2
TS1517,2
TS1498,2
TS1495-00,2
TS147-00,2
TS1505,2
TS1503,2
TS1490,2
TS1495,2
TS1526,2
TS1472,2
TS1540,2
TS150-00,2
TS1500,2
TS1471,2
TS1489,2
TS1493,2
TS1506,2
TS153-01,2
TS1513,2
TS151-EBAY,2
TS1483,2
TS1541,2
TS151D13,2
TS1527,2
TS1534,2
TS1532,2
TS1486-00,2
TS1476,2
TS1481,2
TS1533,2
TS1535,2
TS1475,2
TS1528,2
TS15-EBAY,2
TS1538,2
TS1473,2
TS1543,2
TS1518,2
TS1529,2
TS1522,2
TS1515,2
TS1499,2
TS150-EBAY,2
TS1508,2
TS151-02,2
TS1521,2
TS1511-00,2
TS1516,2
TS1474,2
TS1525,2
TS1469,2
TS147,2
TS1494-00,2
TS1524,2
TS1523,2
TS1485,2
TS1480,2
TS1487,2
TS1512,2
TS1519,2
TS1484-DC,2
TS1514,2
TS152-01,2
TS1542,2
TS1482,2
TS149-00,2
TS1470,2
TS1482-00,2
TS151-00,2
TS154-02,2
TS1509,2
TS1531,2
TS1486-DC,2
TS1530,2
TS1536,2
TS1537,2
TS1510,2
TS1520,2
TS1484-00,2
TS1477,2
TS1491,2
TS1539,2
TS1511-DC,2
TS1502,2
TS1497,2
TS1488,2
TS1504,2
TS1478,2
TS148-00,2
TS1573-00,2
TS1554,2
TS1620-FBM,2
TS1608,2
TS1585,2
TS1553,2
TS1560,2
TS161-03,2
TS1544,2
TS1561,2
TS1569,2
TS1622,2
TS1584,2
TS1571,2
TS1548,2
TS1581,2
TS1619,2
TS1563,2
TS1602,2
TS1544-00,2
TS1613,2
TS1558,2
TS1562,2
TS1555,2
TS1615,2
TS160-01,2
TS162-00,2
TS1545,2
TS1576,2
TS1588,2
TS1552,2
TS157-01,2
TS1595,2
TS1566,2
TS159-00,2
TS1583,2
TS1582,2
TS1607,2
TS1559,2
TS1564,2
TS1604,2
TS16-02,2
TS1578,2
TS1616,2
TS1610,2
TS1557,2
TS1567,2
TS1577,2
TS1546,2
TS1621-FBM,2
TS156-00,2
TS1620,2
TS1565,2
TS1549,2
TS1603,2
TS158-00,2
TS161-02,2
TS1547,2
TS1606,2
TS1573,2
TS161-EBAY,2
TS1618,2
TS1572,2
TS1596,2
TS1556,2
TS1591,2
TS1597,2
TS1614,2
TS1586,2
TS1612,2
TS1594,2
TS1579,2
TS1574,2
TS155-01,2
TS1575,2
TS1621,2
TS1600,2
TS1589,2
TS1593,2
TS1609,2
TS1550,2
TS156,2
TS1619-FBM,2
TS1570,2
TS1592,2
TS1623,2
TS1568,2
TS1598,2
TS158-EBAY,2
TS1605,2
TS1617,2
TS158-01,2
TS1601,2
TS1580,2
TS1611,2
TS1551,2
TS1587,2
TS1599,2
TS1590-00,2
TS16,2
TS1701,2
TS1625-FBM,2
TS1645,2
TS1637,2
TS165,2
TS167-03,2
TS1643,2
TS1672,2
TS1638,2
TS1639,2
TS1625,2
TS164-EBAY,2
TS17,2
TS1644,2
TS1684-00,2
TS1647,2
TS1641,2
TS1650,2
TS1699,2
TS1692,2
TS1673,2
TS1702,2
TS1687,2
TS1654,2
TS1693,2
TS1624,2
TS1634,2
TS1671,2
TS1691,2
TS1663,2
TS169-00,2
TS1649,2
TS1626,2
TS1695,2
TS1664,2
TS1648,2
TS1677,2
TS1624-FBM,2
TS1683-00,2
TS1669,2
TS1697,2
TS1631-00,2
TS1642-00,2
TS1689,2
TS1633,2
TS166-00,2
TS1623-FBM,2
TS1640,2
TS1703,2
TS1678,2
TS1651,2
TS1680,2
TS169-01,2
TS1632-00,2
TS1676,2
TS1652,2
TS1627,2
TS1667,2
TS164-00,2
TS1698,2
TS1696,2
TS1681,2
TS1682,2
TS168-00,2
TS1670,2
TS1705,2
TS1636,2
TS1662,2
TS1675,2
TS1679,2
TS1655,2
TS1653,2
TS1688,2
TS1635,2
TS1661,2
TS1668,2
TS165-00,2
TS1656-00,2
TS1657,2
TS1678-FBM,2
TS1685,2
TS1646,2
TS1659,2
TS168,2
TS164-01,2
TS1674,2
TS1690,2
TS1694,2
TS1628,2
TS1700,2
TS1658,2
TS1630,2
TS1666,2
TS1665,2
TS1660,2
TS1686,2
TS1704,2
TS163-03,2
TS1629,2
TS170-00,2
TS176,2
TS174-02,2
TS1709-00,2
TS1817,2
TS1810-C13,2
TS175,2
TS1712,2
TS1802,2
TS1814,2
TS1746,2
TS178-00,2
TS1739,2
TS172-00,2
TS1713,2
TS1741,2
TS1810,2
TS1740,2
TS1743,2
TS1725,2
TS182-00,2
TS1711,2
TS1818,2
TS1809,2
TS178-01,2
TS1720,2
TS1749,2
TS1733,2
TS1723,2
TS1751,2
TS1803,2
TS1801,2
TS1729,2
TS176-00,2
TS181-00,2
TS1800,2
TS1748,2
TS1710,2
TS1755,2
TS183-00,2
TS1707,2
TS182-01,2
TS1808,2
TS18,2
TS180-00,2
TS1812,2
TS171-01,2
TS1722-00,2
TS175-00,2
TS174-00,2
TS1819,2
TS1805,2
TS1736,2
TS1718,2
TS1726,2
TS1752,2
TS1706,2
TS173,2
TS1738,2
TS1804,2
TS1804-C13,2
TS1719,2
TS1750,2
TS1831,2
TS1732,2
TS1727,2
TS1806,2
TS1735,2
TS1715,2
TS183-01,2
TS18-00,2
TS1708,2
TS1813,2
TS1730,2
TS1724,2
TS1737D13,2
TS1717,2
TS1809-C13,2
TS1807,2
TS171-00,2
TS1737,2
TS1745,2
TS1731,2
TS179-01,2
TS1815,2
TS1808-C13,2
TS1721,2
TS1744,2
TS1807-C13,2
TS183-EBAY,2
TS1728,2
TS1714,2
TS1734,2
TS1716,2
TS1754,2
TS1820,2
TS1753,2
TS1713-FBM,2
TS1742,2
TS1747,2
TS1865,2
TS1907-00,2
TS1896,2
TS1862,2
TS1866,2
TS191-00,2
TS198-EBAY,2
TS1909,2
TS1891,2
TS1860,2
TS19-00,2
TS1892,2
TS186-01,2
TS185-00,2
TS1906-00,2
TS1888,2
TS1861,2
TS1855,2
TS1893,2
TS1887,2
TS1883-00,2
TS1859,2
TS1836,2
TS1895,2
TS1871,2
TS1847,2
TS1883,2
TS1874-00,2
TS196-00,2
TS197-00,2
TS1894,2
TS195-00,2
TS191,2
TS1876,2
TS1902,2
TS199-00,2
TS193-EBAY,2
TS1882,2
TS1848,2
TS1869,2
TS1903,2
TS1853,2
TS1849,2
TS194-EBAY,2
TS192-00,2
TS1900,2
TS1838,2
TS194-01,2
TS1872,2
TS193-01,2
TS1860-01,2
TS1898,2
TS1884,2
TS1878,2
TS1863,2
TS1864,2
TS197-EBAY,2
TS1889,2
TS1854,2
TS198-00,2
TS1845,2
TS190,2
TS1841,2
TS1879,2
TS1880-00,2
TS1901,2
TS1873,2
TS1842,2
TS1870,2
TS1897,2
TS1840,2
TS1899,2
TS1881,2
TS1886,2
TS1890,2
TS1844,2
TS184-00,2
TS199-01,2
TS1868,2
TS1839,2
TS1867,2
TS187-00,2
TS1877,2
TS1908-00,2
TS1843,2
TS1858,2
TS1852,2
TS190-00,2
TS1856,2
TS1850,2
TS188,2
TS1851,2
TS1885,2
TS1862-01,2
TS1837,2
TS1904,2
TS1875-00,2
TS189-02,2
TS1857,2
TS1905,2
TS2033,2
TS2042,2
TS2066,2
TS2062,2
TS2034,2
TS207-01,2
TS2047,2
TS2018,2
TS200-00,2
TS2-00,2
TS2000,2
TS2078,2
TS2014,2
TS2082,2
TS2041,2
TS2003,2
TS2017,2
TS2002,2
TS2015,2
TS206-01,2
TS2077,2
TS2059,2
TS2004,2
TS2007,2
TS2074,2
TS2029,2
TS202-01,2
TS2063-00,2
TS2061,2
TS2057,2
TS2016,2
TS2008,2
TS208-00,2
TS2076,2
TS201-C13,2
TS207-EBAY,2
TS199-EBAY,2
TS2020,2
TS2043,2
TS2036,2
TS2056,2
TS2058,2
TS2079,2
TS208,2
TS2035,2
TS200-01,2
TS2005,2
TS2011,2
TS2012,2
TS2009,2
TS2046,2
TS2069,2
TS2067,2
TS2073,2
TS2064,2
TS204-03,2
TS2080,2
TS2072,2
TS2075,2
TS2045,2
TS2006,2
TS2010,2
TS205-00,2
TS2060,2
TS203-00,2
TS2013,2
TS2030,2
TS2055,2
TS205-EBAY,2
TS2070,2
TS2027,2
TS2022,2
TS2001,2
TS2083,2
TS2051,2
TS2025,2
TS203-01,2
TS2019,2
TS2065,2
TS2071,2
TS2037,2
TS2028,2
TS2052,2
TS2021,2
TS2050,2
TS206-02,2
TS2081,2
TS2053,2
TS202-EBAY,2
TS2023,2
TS2026,2
TS2031,2
TS2032,2
TS204-02,2
TS2048,2
TS201-01,2
TS2024,2
TS2068,2
TS2044,2
TS2152-C13,2
TS2126-C13,2
TS2155-C13,2
TS2094,2
TS2128-C13,2
TS2127-C13,2
TS2114,2
TS2085,2
TS2158-C13,2
TS210-01,2
TS2135,2
TS2124-00,2
TS2086,2
TS20D13,2
TS2140-C13,2
TS2109-C13,2
TS210-00,2
TS2097,2
TS2159-C13,2
TS2133,2
TS2129-C13,2
TS2096,2
TS2134,2
TS2117,2
TS2131,2
TS211-00,2
TS215-01,2
TS2100,2
TS2125-C13,2
TS2165-C13,2
TS2161-C13,2
TS2141-C13,2
TS2095-C13,2
TS214-00,2
TS2144-C13,2
TS213-02,2
TS2168D13,2
TS216-00,2
TS213-01,2
TS2166-C13,2
TS2160-C13,2
TS2101-00,2
TS2149-C13,2
TS2120,2
TS2167-C13,2
TS2163-C13,2
TS2121,2
TS2110-C13,2
TS2112,2
TS2146-C13,2
TS212-C13,2
TS2098,2
TS2088-C13,2
TS212-00,2
TS2167D13,2
TS2111,2
TS2107-C13,2
TS2157-C13,2
TS2136,2
TS2153-C13,2
TS215-00,2
TS2138,2
TS2099,2
TS2162-C13,2
TS2156-C13,2
TS209,2
TS2130,2
TS2103-00,2
TS2142-C13,2
TS2090,2
TS2164-C13,2
TS21-00,2
TS2084,2
TS2118,2
TS2143-C13,2
TS2113,2
TS2104-00,2
TS2115,2
TS2148-C13,2
TS2093,2
TS2092,2
TS2141,2
TS2137,2
TS2122,2
TS2091,2
TS2145-C13,2
TS2151-C13,2
TS2087-C13,2
TS2116,2
TS2119,2
TS2150-C13,2
TS2105,2
TS2106,2
TS2089-C13,2
TS2123,2
TS2154-C13,2
TS2108-C13,2
TS2147-C13,2
TS2132,2
TS2102,2
TS2262D13,2
TS2205D13,2
TS22,2
TS2170D13,2
TS228-00,2
TS2261D13,2
TS2193-D13,2
TS2208D13,2
TS2291D13,2
TS2251D13,2
TS2171D13,2
TS2256D13,2
TS2173D13,2
TS225,2
TS2230-D13,2
TS2247D13,2
TS223-00,2
TS2226-D13,2
TS2182-D13,2
TS2232D13,2
TS2239D13,2
TS2181-D13,2
TS229,2
TS2259D13,2
TS2238D13,2
TS2248D13,2
TS22-00,2
TS2253D13,2
TS2223-D13,2
TS2244D13,2
TS218,2
TS2252D13,2
TS2179D13,2
TS2184-D13,2
TS2233D13,2
TS2183-D13,2
TS2209D13,2
TS2249D13,2
TS2169D13,2
TS220-00,2
TS2178D13,2
TS2303D13,2
TS221-00,2
TS2254D13,2
TS2292D13,2
TS23-00,2
TS2245D13,2
TS2240D13,2
TS2176D13,2
TS2304D13,2
TS2258D13,2
TS2194-D13,2
TS2250D13,2
TS217-00,2
TS226-00,2
TS2236D13,2
TS2188D13,2
TS2257D13,2
TS2175D13,2
TS227,2
TS226-01,2
TS2242D13,2
TS2177D13,2
TS2197-D13,2
TS219-00,2
TS2196D13,2
TS2241D13,2
TS2290D13,2
TS2207D13,2
TS2224D13,2
TS2302D13,2
TS2301D13,2
TS2172D13,2
TS2174D13,2
TS2255D13,2
TS2227-D13,2
TS2260D13,2
TS2211D13,2
TS231-00,2
TS2235D13,2
TS2225-D13,2
TS2243D13,2
TS2246D13,2
TS230-00,2
TS2190D13,2
TS2231-D13,2
TS23-01,2
TS2198-D13,2
TS218-01,2
TS2185-D13,2
TS2293D13,2
TS2228-D13,2
TS2305D13,2
TS2234D13,2
TS222-00,2
TS2237D13,2
TS224,2
TS2199D13,2
TS2195D13,2
TS2229-D13,2
TS2400D13,2
TS234,2
TS24D13,2
TS245-02,2
TS2322,2
TS2318D13,2
TS2342D13,2
TS235,2
TS249-00,2
TS243-EBAY,2
TS251-EBAY,2
TS2349D13,2
TS233-01,2
TS2372D13,2
TS2320D13,2
TS2424D13,2
TS2334D13,2
TS2341D13,2
TS237-01,2
TS2352D13,2
TS2385D13,2
TS2398D13,2
TS2316D13,2
TS2370D13,2
TS245-01,2
TS238,2
TS2344D13,2
TS2346D13,2
TS2332D13,2
TS2353D13,2
TS2350D13,2
TS25-00,2
TS2373D13,2
TS2321D13,2
TS2319D13,2
TS2345D13,2
TS2381D13,2
TS2378D13,2
TS248-01,2
TS2418D13,2
TS2326D13,2
TS236,2
TS245-00,2
TS242,2
TS2420D13,2
TS2419D13,2
TS2315D13,2
TS2329D13,2
TS241-02,2
TS25,2
TS2351D13,2
TS232,2
TS2343D13,2
TS2348D13,2
TS2397D13,2
TS246,2
TS2417D13,2
TS2314D13,2
TS2338D13,2
TS244,2
TS252-00,2
TS243-00,2
TS24,2
TS239-EBAY,2
TS253-01,2
TS239-00,2
TS2337D13,2
TS2357D13,2
TS232-00,2
TS2394D13,2
TS2331D13,2
TS2358D13,2
TS243-01,2
TS2336D13,2
TS254,2
TS251-00,2
TS2335D13,2
TS2386D13,2
TS2396D13,2
TS2354D13,2
TS2359D13,2
TS2328D13,2
TS240-01,2
TS2330D13,2
TS242-00,2
TS2327D13,2
TS2340D13,2
TS247-00,2
TS2324D13,2
TS2339D13,2
TS2416D13,2
TS250,2
TS2347D13,2
TS233-02,2
TS2333D13,2
TS2325D13,2
TS2399D13,2
TS2317D13,2
TS2323D13,2
TS288-00,2
TS289-00,2
TS284-00,2
TS3,2
TS265-00,2
TS263,2
TS278-00,2
TS273,2
TS273-01,2
TS288-02,2
TS292-00,2
TS267-01,2
TS293-00,2
TS296-01,2
TS290-01,2
TS276,2
TS290-02,2
TS275-00,2
TS297-00,2
TS278,2
TS272-00,2
TS254-00,2
TS299-00,2
TS288-01,2
TS30-00,2
TS280-01,2
TS274-01,2
TS269,2
TS274-EBAY,2
TS298-00,2
TS26,2
TS305,2
TS278-01,2
TS27,2
TS277,2
TS308,2
TS270,2
TS256-00,2
TS274-00,2
TS304-C13,2
TS292-EBAY,2
TS282-01,2
TS268-00,2
TS283-00,2
TS30-01,2
TS291-02,2
TS262-00,2
TS300-00,2
TS271-00,2
TS301,2
TS287-01,2
TS291-01,2
TS268,2
TS289-01,2
TS289-02,2
TS298-EBAY,2
TS277-00,2
TS261,2
TS283-01,2
TS293-C13,2
TS260-01,2
TS300-01,2
TS285-01,2
TS286-00,2
TS30-D13,2
TS302,2
TS281-00,2
TS271-01,2
TS307,2
TS259,2
TS275-01,2
TS255-00,2
TS29D13,2
TS292-01,2
TS294-01,2
TS264-00,2
TS272,2
TS29-00,2
TS256,2
TS296-02,2
TS295-00,2
TS304-00,2
TS257-00,2
TS279,2
TS287,2
TS293,2
TS301-00,2
TS259-00,2
TS261-00,2
TS305-C13,2
TS303-00,2
TS294-00,2
TS257,2
TS27-01,2
TS258-00,2
TS306-00,2
TS265-01,2
TS266-00,2
TS28,2
TS267,2
TS313,2
TS342-00,2
TS332-EBAY,2
TS360-02,2
TS355,2
TS346-02,2
TS350-00,2
TS34-01,2
TS338,2
TS335-01,2
TS339-00,2
TS33-00,2
TS310-01,2
TS349-EBAY,2
TS349-00,2
TS357-01,2
TS331-00,2
TS323-01,2
TS362,2
TS356-01,2
TS353-00,2
TS349-01,2
TS343-00,2
TS321-00,2
TS342-02,2
TS352-00,2
TS336-00,2
TS312-01,2
TS319,2
TS327,2
TS32-00,2
TS339-01,2
TS360-01,2
TS340,2
TS321-01,2
TS351-00,2
TS35,2
TS360-00,2
TS316-01,2
TS352-01,2
TS359-00,2
TS329-00,2
TS337-01,2
TS328-01,2
TS335D13,2
TS325-01,2
TS330-00,2
TS316-00,2
TS341-00,2
TS311-EBAY,2
TS33-01,2
TS354-00,2
TS361,2
TS347-00,2
TS311-04,2
TS314-EBAY,2
TS346-00,2
TS333-00,2
TS362-00,2
TS36,2
TS36-00,2
TS359,2
TS31,2
TS315-00,2
TS313-00,2
TS309-00,2
TS340-01,2
TS322,2
TS324-00,2
TS346-01,2
TS356-00,2
TS323-EBAY,2
TS348-01,2
TS333-01,2
TS344-01,2
TS309,2
TS320-00,2
TS317-01,2
TS314-00,2
TS308-01,2
TS360-EBAY,2
TS318-C13,2
TS31-00,2
TS358-00,2
TS320-01,2
TS320,2
TS326-00,2
TS332-01,2
TS335-EBAY,2
TS344-02,2
TS311-00,2
TS312-00,2
TS33,2
TS345-00,2
TS361-00,2
TS315-01,2
TS357-00,2
TS318-00,2
TS318,2
TS381-00,2
TS407-00,2
TS389-01,2
TS391-00,2
TS372-00,2
TS406,2
TS399-00,2
TS365,2
TS387-C13,2
TS39-02,2
TS396-02,2
TS364,2
TS41-00,2
TS39-00-EBAY,2
TS368-00,2
TS382-01,2
TS379-01,2
TS392-00,2
TS405,2
TS404-00,2
TS401-01,2
TS398-00,2
TS404,2
TS410-02,2
TS380-02,2
TS375D13,2
TS401,2
TS400-01,2
TS4,2
TS367-02,2
TS40,2
TS399-01,2
TS380-EBAY,2
TS396-01,2
TS364-00,2
TS390-EBAY,2
TS389-00,2
TS367-01-EBAY,2
TS367,2
TS376-01,2
TS366-00,2
TS397-00,2
TS403-D13,2
TS407-EBAY,2
TS381-01,2
TS37,2
TS395-00,2
TS370,2
TS38-00,2
TS409,2
TS392-01,2
TS369-EBAY,2
TS366,2
TS363-00,2
TS369-01,2
TS393-00,2
TS386-00,2
TS365-01,2
TS378-00,2
TS366-01,2
TS377-00,2
TS382,2
TS408-01,2
TS367-00,2
TS388-01,2
TS367-01,2
TS369-00,2
TS398,2
TS388,2
TS390-02,2
TS371,2
TS40-02,2
TS368,2
TS370-00,2
TS394-00,2
TS402,2
TS377-EBAY,2
TS394-EBAY,2
TS375-00,2
TS39-03,2
TS373-01,2
TS384-01,2
TS385-01,2
TS387,2
TS390-01,2
TS393-01,2
TS374-00,2
TS384-EBAY,2
TS383-00,2
TS379-00,2
TS376-EBAY,2
TS373-00,2
TS386-0,2
TS391-01,2
TS372-02,2
TS406-00,2
TS385-00,2
TS46,2
TS459-00,2
TS422,2
TS419,2
TS452-01,2
TS413-01,2
TS410-D13,2
TS439-02,2
TS431-00,2
TS423,2
TS430-00,2
TS415-00,2
TS452-00,2
TS430-C13,2
TS416-01,2
TS465-00,2
TS454-00,2
TS450-01,2
TS416-00,2
TS462,2
TS418-00,2
TS438-00,2
TS459,2
TS434,2
TS415,2
TS411-00,2
TS420-00,2
TS42,2
TS464-D13,2
TS458,2
TS455-01,2
TS444,2
TS414-00,2
TS453-01,2
TS441,2
TS424-01,2
TS427-00,2
TS463-00,2
TS457-00,2
TS460,2
TS412-01,2
TS467,2
TS464,2
TS426,2
TS449-00,2
TS448-01,2
TS44,2
TS435-01,2
TS430,2
TS469,2
TS452-EBAY,2
TS421-00,2
TS420,2
TS446-00,2
TS439-01,2
TS47,2
TS451-00,2
TS460-00,2
TS470-EBAY,2
TS436-00,2
TS424-00,2
TS470-01,2
TS428-00,2
TS429-01,2
TS431,2
TS448-00,2
TS435-00,2
TS466,2
TS446-01,2
TS415-02,2
TS470-00,2
TS443,2
TS465-01,2
TS428,2
TS461-00,2
TS424-EBAY,2
TS43,2
TS429-00,2
TS423-00,2
TS454-01,2
TS433-C13,2
TS45,2
TS433,2
TS426-00,2
TS417-00,2
TS466-01,2
TS458-01,2
TS456-01,2
TS442,2
TS471-00,2
TS419-00,2
TS440,2
TS435-EBAY,2
TS445,2
TS437-00,2
TS468-00,2
TS425,2
TS447-00,2
TS468-01,2
TS411,2
TS483,2
TS515-00,2
TS487-02,2
TS518,2
TS52-00,2
TS518-00,2
TS49-01,2
TS477,2
TS477-00,2
TS51-00,2
TS49-00,2
TS473-02,2
TS507-01,2
TS499-00,2
TS498-00,2
TS487-00,2
TS49,2
TS474-01,2
TS513,2
TS516-00,2
TS502,2
TS487-EBAY,2
TS48-00,2
TS496-02,2
TS480-00,2
TS471-01,2
TS506-00,2
TS511-00,2
TS503,2
TS517-00,2
TS493-02,2
TS492-00,2
TS515,2
TS520,2
TS514-00,2
TS48-01,2
TS508,2
TS500-D13,2
TS497-00,2
TS522,2
TS517-01,2
TS504,2
TS476-01,2
TS494,2
TS488-00,2
TS521,2
TS502-00,2
TS479-EBAY,2
TS509-00,2
TS517-02,2
TS476-00,2
TS479-00,2
TS505-01,2
TS474,2
TS511-02,2
TS521-00,2
TS498,2
TS478-D13,2
TS504-00,2
TS489,2
TS505-00,2
TS484,2
TS494-00,2
TS513-00,2
TS511-01,2
TS492,2
TS507,2
TS506-01,2
TS516,2
TS480,2
TS512,2
TS472-00,2
TS491-00,2
TS501-00,2
TS495-02,2
TS484-00,2
TS478-00,2
TS496-01,2
TS52,2
TS517,2
TS475-01,2
TS490-00,2
TS499-01,2
TS50,2
TS486-00,2
TS481-00,2
TS485-01,2
TS5,2
TS503-00,2
TS519,2
TS477-01,2
TS481-01,2
TS514,2
TS510-00,2
TS485-00,2
TS5-00,2
TS516-01,2
TS482,2
TS479-01,2
TS534-01,2
TS529-C13,2
TS552,2
TS534-EBAY,2
TS567-00,2
TS563,2
TS569-01,2
TS548-01,2
TS544-00,2
TS530-C13,2
TS545-00,2
TS534-02,2
TS53-02,2
TS535-01,2
TS561-D13,2
TS571,2
TS536-00,2
TS555,2
TS541,2
TS535-00,2
TS539-EBAY,2
TS535-02,2
TS550,2
TS56-01,2
TS533-01,2
TS556,2
TS529-01,2
TS572,2
TS531-00,2
TS567-01,2
TS56-00,2
TS559-01,2
TS535-EBAY,2
TS538-00,2
TS558-01,2
TS528-01,2
TS565-01,2
TS524-00,2
TS523-00,2
TS558-00,2
TS554,2
TS568-00,2
TS574-00,2
TS554-00,2
TS541-00,2
TS567,2
TS527-01,2
TS551-00,2
TS526-01,2
TS55,2
TS550-00,2
TS537-00,2
TS571-00,2
TS538-02,2
TS575-00,2
TS570-01,2
TS573,2
TS527-00,2
TS540-00,2
TS530-01,2
TS553-01,2
TS561,2
TS543,2
TS566-01,2
TS531-01,2
TS526-00,2
TS569-EBAY,2
TS553-00,2
TS565-00,2
TS53-01,2
TS551,2
TS559-00,2
TS549-00,2
TS532-00,2
TS569-C13,2
TS525-00,2
TS538-01,2
TS560,2
TS542-00,2
TS557,2
TS570-00,2
TS524-01,2
TS562,2
TS560-00,2
TS564,2
TS547-01,2
TS541-01,2
TS531-02,2
TS556-00,2
TS57-00,2
TS539-02,2
TS54,2
TS537-EBAY,2
TS549,2
TS552-00,2
TS56,2
TS525-01,2
TS546-00,2
TS627-00,2
TS584-01,2
TS583-01,2
TS606-C13,2
TS625,2
TS623,2
TS602-00,2
TS628-EBAY,2
TS623-00,2
TS616-00,2
TS611-00,2
TS596-00,2
TS612-00,2
TS578-00,2
TS626,2
TS608-02,2
TS609-00,2
TS60,2
TS58,2
TS601-D13,2
TS582-00-EBAY,2
TS603,2
TS584-00,2
TS601-00,2
TS575-D13,2
TS607-01,2
TS605,2
TS587-01,2
TS590-00,2
TS576-00,2
TS624-00,2
TS586,2
TS621-00,2
TS619-00,2
TS576-01,2
TS587,2
TS615,2
TS615-00,2
TS607-00,2
TS595,2
TS581-00,2
TS597-00,2
TS577-D13,2
TS604-01,2
TS609,2
TS592-01,2
TS59,2
TS622,2
TS581,2
TS623-C13,2
TS586-00,2
TS591,2
TS597-01,2
TS614-D13,2
TS578,2
TS593,2
TS592-00,2
TS581-C13,2
TS588-03,2
TS6,2
TS625-00,2
TS584,2
TS606,2
TS589-00,2
TS620,2
TS611-01,2
TS600,2
TS579,2
TS593-00,2
TS628-00,2
TS627,2
TS621,2
TS604-EBAY,2
TS608-01,2
TS624-EBAY,2
TS575-02,2
TS577,2
TS617,2
TS62-00,2
TS613-D13,2
TS613-01,2
TS585-00,2
TS580-00,2
TS595-01,2
TS595-00,2
TS598-00,2
TS618,2
TS615D13,2
TS61,2
TS582-01,2
TS588,2
TS613-00,2
TS602,2
TS624,2
TS610-00,2
TS594-D13,2
TS603-01,2
TS669-01,2
TS654-01,2
TS631-C13,2
TS665,2
TS679-00,2
TS666,2
TS656-EBAY,2
TS672-00,2
TS680,2
TS652-00,2
TS635-00,2
TS663-C13,2
TS632,2
TS656-01,2
TS646-00,2
TS646-01,2
TS66,2
TS668-C13,2
TS650-01,2
TS660,2
TS655-00,2
TS650-00,2
TS645-C13,2
TS629-00,2
TS662,2
TS661-00,2
TS666-01,2
TS640-C13,2
TS67-00,2
TS651-01,2
TS667-01,2
TS671,2
TS67-01,2
TS653,2
TS663,2
TS636-00,2
TS638,2
TS661,2
TS629-01,2
TS670,2
TS639,2
TS669,2
TS658-01,2
TS634-C13,2
TS633,2
TS658-00,2
TS630-00,2
TS657-00,2
TS651-C13,2
TS647-01,2
TS644-00,2
TS633-00,2
TS677,2
TS641-01,2
TS649-00,2
TS656-00,2
TS678-00,2
TS645-00,2
TS64,2
TS648D13,2
TS652,2
TS673-00,2
TS677-00,2
TS63-01,2
TS640-00,2
TS674,2
TS667-00,2
TS675D13,2
TS641-00,2
TS654,2
TS637-00,2
TS629,2
TS63-00,2
TS65-01,2
TS647-C13,2
TS676D13,2
TS673,2
TS68-00,2
TS64-00,2
TS63,2
TS643,2
TS665-C13,2
TS662-00,2
TS635D13,2
TS643-C13,2
TS664D13,2
TS675,2
TS674-00,2
TS639-C13,2
TS653-C13,2
TS634,2
TS670-00,2
TS659D13,2
TS669-00,2
TS668,2
TS642-00,2
TS671-C13,2
TS654-00,2
TS672-01,2
TS632-C13,2
TS701-02,2
TS69,2
TS714-00,2
TS707-00,2
TS690,2
TS703-02,2
TS688-00,2
TS725-C13,2
TS680-D13,2
TS72D13,2
TS693-00,2
TS721-00,2
TS701-00,2
TS695-00,2
TS697-01,2
TS72-00,2
TS711,2
TS696-D13,2
TS681,2
TS730-00,2
TS703-00,2
TS725,2
TS70-00,2
TS685-02,2
TS698-00,2
TS684-D13,2
TS73-00,2
TS726-EBAY,2
TS699-00,2
TS698-01,2
TS690D13,2
TS686-00,2
TS719-D13,2
TS692,2
TS716-00,2
TS7-00,2
TS708,2
TS688,2
TS725-EBAY,2
TS703-01,2
TS722,2
TS687,2
TS682-D13,2
TS702-00,2
TS685-00,2
TS706-D13,2
TS713,2
TS710-01,2
TS701-01,2
TS721,2
TS71-00,2
TS694-00,2
TS728-EBAY,2
TS720-01,2
TS686-01,2
TS709,2
TS728,2
TS689-00,2
TS712,2
TS706,2
TS700-00,2
TS691-00,2
TS717-D13,2
TS715,2
TS684,2
TS714,2
TS693-DC,2
TS705D13,2
TS685D13,2
TS71,2
TS723-D13,2
TS720-02,2
TS718,2
TS692D13,2
TS697-02,2
TS710-00,2
TS728-00,2
TS725-00,2
TS724-00,2
TS704-03,2
TS720-00,2
TS696-00,2
TS690-00,2
TS727,2
TS682,2
TS700-01,2
TS718-D13,2
TS694D13,2
TS693-D13,2
TS716,2
TS688-EBAY,2
TS705,2
TS717,2
TS683-01,2
TS729,2
TS687-00,2
TS724-EBAY,2
TS726,2
TS706-00,2
TS727-EBAY,2
TS740,2
TS767,2
TS730-EBAY,2
TS754,2
TS746,2
TS760-C13,2
TS766,2
TS742-EBAY,2
TS752-00,2
TS739,2
TS750-00,2
TS732-EBAY,2
TS739-EBAY,2
TS738,2
TS761-EBAY,2
TS737-00,2
TS762,2
TS735,2
TS753-EBAY,2
TS746-EBAY,2
TS744-EBAY,2
TS763-00,2
TS742,2
TS764-01,2
TS734,2
TS761-01,2
TS765-EBAY,2
TS751-C13,2
TS732-C13,2
TS76-00,2
TS752-EBAY,2
TS737,2
TS741-EBAY,2
TS75-01,2
TS755-EBAY,2
TS768-00,2
TS734-EBAY,2
TS731-EBAY,2
TS743-EBAY,2
TS764-EBAY,2
TS744-00,2
TS767-C13,2
TS749-00,2
TS762-EBAY,2
TS758,2
TS753,2
TS736,2
TS755,2
TS765-C13,2
TS747,2
TS756,2
TS747-EBAY,2
TS762-00,2
TS733-EBAY,2
TS756-C13,2
TS740-EBAY,2
TS761,2
TS757,2
TS748,2
TS731,2
TS754-C13,2
TS760-EBAY,2
TS75-00,2
TS765,2
TS743,2
TS759-EBAY,2
TS760,2
TS754-EBAY,2
TS738-EBAY,2
TS735-EBAY,2
TS745,2
TS767-EBAY,2
TS758-EBAY,2
TS748-EBAY,2
TS757-EBAY,2
TS732,2
TS745-EBAY,2
TS759-00,2
TS749-EBAY,2
TS737-EBAY,2
TS745-00,2
TS75-02,2
TS759-C13,2
TS733,2
TS751,2
TS741,2
TS752,2
TS756-EBAY,2
TS736-00,2
TS766-00,2
TS76-01,2
TS736-EBAY,2
TS753-C13,2
TS74-00,2
TS746-C13,2
TS748-00,2
TS763-EBAY,2
TS744,2
TS730-D13,2
TS766-EBAY,2
TS772-01,2
TS801-EBAY,2
TS776,2
TS800-00,2
TS799-EBAY,2
TS789,2
TS772-00,2
TS800-EBAY,2
TS790,2
TS788,2
TS779-00,2
TS770,2
TS794-EBAY,2
TS778-EBAY,2
TS79-00,2
TS775-EBAY,2
TS784,2
TS77-02,2
TS799-00,2
TS777-EBAY,2
TS781,2
TS771-EBAY,2
TS780,2
TS799,2
TS782,2
TS783,2
TS77-01,2
TS788-EBAY,2
TS774-00,2
TS797-EBAY,2
TS782D13,2
TS802-EBAY,2
TS798D13,2
TS774D13,2
TS803-EBAY,2
TS77D13,2
TS798,2
TS793,2
TS779-EBAY,2
TS777,2
TS791,2
TS773-EBAY,2
TS787,2
TS792,2
TS785-01,2
TS803D13,2
TS796-00,2
TS793-EBAY,2
TS785-EBAY,2
TS772-EBAY,2
TS789-EBAY,2
TS786-00,2
TS795-00,2
TS770-EBAY,2
TS786-EBAY,2
TS803,2
TS777-00,2
TS802-02,2
TS799D13,2
TS793D13,2
TS801D13,2
TS77-EBAY,2
TS778-00,2
TS769-00,2
TS797,2
TS783-EBAY,2
TS770-D13,2
TS804-00,2
TS78-01,2
TS779,2
TS771,2
TS784-EBAY,2
TS775-C13,2
TS80,2
TS78,2
TS790-00,2
TS775-00,2
TS787-EBAY,2
TS768-EBAY,2
TS8,2
TS769-EBAY,2
TS774-EBAY,2
TS785-00,2
TS790-EBAY,2
TS795-EBAY,2
TS770-00,2
TS791-EBAY,2
TS771D13,2
TS781-EBAY,2
TS769,2
TS778-01,2
TS796-EBAY,2
TS794,2
TS780-EBAY,2
TS801-00,2
TS798-EBAY,2
TS780-00,2
TS787-00,2
TS792-EBAY,2
TS773-00,2
TS852-00,2
TS833-01,2
TS812-01,2
TS829-00,2
TS820D13,2
TS848-00,2
TS812-00,2
TS810-EBAY,2
TS846,2
TS843-00,2
TS824-00,2
TS820-00,2
TS841-00,2
TS836,2
TS854,2
TS845-01,2
TS850-00,2
TS84,2
TS83-00,2
TS813,2
TS807-EBAY,2
TS804-EBAY,2
TS838,2
TS825,2
TS849-01,2
TS839-01,2
TS810,2
TS848-01,2
TS832,2
TS808,2
TS833-00,2
TS843D13,2
TS815-DC,2
TS842-00,2
TS834-00,2
TS823D13,2
TS818-01,2
TS841,2
TS809,2
TS814,2
TS836-00,2
TS834,2
TS845-00,2
TS812-EBAY,2
TS813-01,2
TS827,2
TS817D13,2
TS807,2
TS831-00,2
TS84-00,2
TS806,2
TS844-00,2
TS847-01,2
TS819-00,2
TS837,2
TS810-01,2
TS817-00,2
TS816-00,2
TS828,2
TS826-00,2
TS823,2
TS822-00,2
TS855,2
TS818-00,2
TS804-02,2
TS808-EBAY,2
TS840-01,2
TS816,2
TS811-00,2
TS81-00,2
TS806-EBAY,2
TS814-EBAY,2
TS815,2
TS809-EBAY,2
TS845,2
TS853-01,2
TS821-01,2
TS825D13,2
TS813-EBAY,2
TS821-00,2
TS851-00,2
TS816-01,2
TS830,2
TS805,2
TS829,2
TS805-EBAY,2
TS833,2
TS819,2
TS813-00,2
TS835-01,2
TS810-00,2
TS824,2
TS849-00,2
TS818,2
TS831D13,2
TS85-D13,2
TS811-EBAY,2
TS837-01,2
TS822-01,2
TS870,2
TS858-01,2
TS855-00,2
TS903-00,2
TS858,2
TS900-00,2
TS876,2
TS88-EBAY,2
TS882,2
TS857,2
TS901-00,2
TS875-00,2
TS895-D13,2
TS894-00,2
TS864,2
TS863,2
TS903-01,2
TS890,2
TS88-02,2
TS865,2
TS886-00,2
TS897-00,2
TS893,2
TS860D13,2
TS880-00,2
TS897,2
TS871-00,2
TS892,2
TS865-00,2
TS857-00,2
TS879,2
TS902,2
TS895,2
TS898-D13,2
TS884-01,2
TS904,2
TS881,2
TS907,2
TS89,2
TS862D13,2
TS859,2
TS868,2
TS871,2
TS869-00,2
TS901,2
TS861D13,2
TS863D13,2
TS872-00,2
TS896,2
TS866,2
TS880,2
TS867,2
TS869,2
TS88-03,2
TS861,2
TS882-00,2
TS889,2
TS896-00,2
TS868-00,2
TS87-00,2
TS877,2
TS88-01,2
TS905,2
TS888-00,2
TS906-01,2
TS905-00,2
TS874-00,2
TS891,2
TS860,2
TS86,2
TS870-00,2
TS888,2
TS887,2
TS856-00,2
TS90-01,2
TS889-00,2
TS859-00,2
TS9,2
TS886,2
TS89-D13,2
TS904-00,2
TS906-02,2
TS894,2
TS90,2
TS877-00,2
TS873-00,2
TS858-00,2
TS884-00,2
TS885,2
TS862,2
TS90-00,2
TS899,2
TS874,2
TS876-00,2
TS878-01,2
TS856,2
TS883,2
TS872,2
TS903-EBAY,2
TS882-01,2
TS957-00,2
TS933-00,2
TS928,2
TS919-C13,2
TS966-00-FBM,2
TS958,2
TS952,2
TS94-00,2
TS960,2
TS935-01,2
TS93-01,2
TS91-02,2
TS949-00,2
TS950,2
TS917-01,2
TS926-00,2
TS909,2
TS945,2
TS922,2
TS918-00,2
TS919-00,2
TS946,2
TS921-01,2
TS911,2
TS966-00,2
TS938-00,2
TS949,2
TS91-00,2
TS912,2
TS925,2
TS924-00,2
TS938-01,2
TS930,2
TS93-00,2
TS917,2
TS914,2
TS916,2
TS913,2
TS937,2
TS92-02,2
TS956-00,2
TS936,2
TS921,2
TS96-EBAY,2
TS921-00,2
TS910,2
TS922-00,2
TS95-00,2
TS939,2
TS932-00,2
TS931,2
TS959D13,2
TS955-00,2
TS932,2
TS969-01,2
TS935,2
TS941,2
TS938,2
TS969-00,2
TS951,2
TS965-C13,2
TS920-00,2
TS940,2
TS943,2
TS927-00,2
TS934-00,2
TS92,2
TS968-00,2
TS957-02,2
TS96-01,2
TS954,2
TS912-00,2
TS926,2
TS929,2
TS944,2
TS97-00,2
TS968,2
TS93,2
TS958-00,2
TS933,2
TS95,2
TS908,2
TS915,2
TS953,2
TS935-00,2
TS962,2
TS969-02,2
TS967,2
TS963,2
TS948,2
TS964,2
TS970,2
TS961,2
TS947,2
TS94-01,2
TS965,2
TS966,2
TS923-00,2
TS942-00,2
TST34,2
TSL4-00,2
TSL5-00,2
TS976,2
TS971,2
TST20,2
TST26,2
TST23,2
TS983,2
TS972,2
TST30,2
TST11-00,2
TST12,2
TS992-00,2
TS990,2
TS974-00,2
TST16-00,2
TSL7-EBAY,2
TST33,2
TS979,2
TST3,2
TST25,2
TSL2-00,2
TS975,2
TS984,2
TST13,2
TS983-00,2
TSL16,2
TS997,2
TS977,2
TST14,2
TST1,2
TSL19,2
TSL15,2
TS970-00,2
TS998,2
TS99-00,2
TS991,2
TSI1,2
TS973,2
TS987-00,2
TST37,2
TS981-00,2
TST39,2
TST38,2
TS994,2
TSL14,2
TST15,2
TS977-00,2
TSL8,2
TST35,2
TS98-01,2
TST4,2
TSL9,2
TSL12,2
TST21,2
TST11,2
TSL3-00,2
TST19,2
TS980,2
TST2,2
TSL10,2
TS993,2
TS978,2
TST32,2
TST31,2
TS982,2
TS99,2
TST40,2
TS975-00,2
TS989-00,2
TS989,2
TST10,2
TS980-00,2
TS994-01,2
TST101D13,2
TST29,2
TST22,2
TS988,2
TS986-01,2
TS996,2
TS997-01,2
TSL3,2
TST100D13,2
TS997-00,2
TS976-00,2
TSL6-EBAY,2
TSL18-00,2
TSL7-00,2
TSL11,2
TS985,2
TS995-00,2
TST24,2
TST36,2
TS999,2
TSL1-00,2
TST27,2
TSL17,2
TST28,2
TST18,2
UB1,2
UB2,2
U65,2
TST86-C13,2
TST74,2
TX3,2
U23,2
V31,2
V26,2
UB8,2
V20,2
TST93-C13,2
TX14,2
UB7,2
UB14,2
U16,2
TST43,2
V18,2
TX9,2
U37,2
U54,2
TST61,2
U30,2
TST76,2
TST87-C13,2
U56,2
U39,2
TST55,2
TX10,2
U10,2
TST80-C13,2
U67,2
TST89-C13,2
TX11,2
V3-DC,2
UB11-FBM,2
V19,2
TX2,2
UB15,2
U31,2
TX13,2
U22,2
TST66,2
TST6-00,2
UB5,2
U57,2
TST91-C13,2
UB4,2
TX12,2
UB12,2
UB13,2
UB10,2
TST42,2
U55,2
TST99D13,2
U11,2
UB3,2
U41,2
TST88-C13,2
U35,2
TST75,2
UB6,2
TST82-C13,2
U45,2
UB5-00,2
TX6,2
TST65,2
TST79-C13,2
TX1,2
TST41,2
TX4,2
TST90-C13,2
TST9,2
TST85-C13,2
U28,2
UB11,2
TST78-C13,2
TST51,2
U13,2
TST50,2
U34,2
U46,2
TST83-C13,2
TST81-C13,2
UB9,2
TST92-C13,2
U69,2
U68,2
TST73,2
TST49,2
TX5,2
UB16,2
TST8,2
UB17,2
TST48,2
TX7,2
TST84-C13,2
TX8,2
TST71,2
U38,2
WAL104,2
WAL139-00,2
W52,2
W35,2
W82,2
W36,2
W1,2
WAL145,2
WAL12-00,2
V38,2
WAL112,2
WAL125,2
WAL11-00,2
V4,2
V34-DC,2
V44,2
WAL111,2
WAL140-00,2
WAL103,2
WAL128-FBM,2
W45,2
WAL137,2
V43,2
WAL113-00,2
W2-01,2
WAL119,2
WAL101,2
V59,2
W28,2
WAL14-00,2
WAL130,2
W21,2
WAL126,2
WAL133,2
WAL106,2
WAL141-00,2
W29,2
WAL1,2
WAL137-01,2
WAL04-01,2
WAL122,2
WAL148,2
WAL127,2
WAL102,2
WAL1-EBAY,2
WAL147,2
WAL121,2
W22,2
WAL15-00,2
WAL143,2
WAL115,2
V60,2
W27,2
WAL152,2
V36,2
WAL132-00,2
W55,2
WAL117,2
V55,2
WAL154,2
WAL151,2
WAL146,2
WAL108,2
WAL144-FBM,2
WAL120,2
WAL123,2
WAL144,2
V40,2
WAL116,2
WAL149,2
WAL134,2
WAL131,2
WAL107,2
WAL129,2
WAL114-00,2
V54,2
WAL10-01,2
W31,2
WAL153,2
W26,2
V32,2
WAL138-00,2
WAL124,2
V47,2
W64,2
V41,2
WAL13-00,2
WAL135,2
WAL136,2
W43,2
V50,2
WAL150,2
WAL128,2
W20,2
W1-EBAY,2
W44,2
V42,2
W6,2
WAL100,2
WAL142,2
WAL233,2
WAL2-00,2
WAL204-00,2
WAL226,2
WAL244,2
WAL191,2
WAL242,2
WAL221,2
WAL215,2
WAL207,2
WAL23-00,2
WAL224,2
WAL165,2
WAL188-FBM,2
WAL227,2
WAL182,2
WAL205,2
WAL166,2
WAL183,2
WAL246,2
WAL167,2
WAL238,2
WAL158,2
WAL216,2
WAL195,2
WAL217,2
WAL157,2
WAL21,2
WAL187,2
WAL202,2
WAL186,2
WAL245,2
WAL218,2
WAL206,2
WAL225,2
WAL159,2
WAL181,2
WAL239,2
WAL197,2
WAL234,2
WAL209-00,2
WAL16-00,2
WAL188,2
WAL192,2
WAL156,2
WAL223,2
WAL235,2
WAL229,2
WAL155,2
WAL219,2
WAL189,2
WAL232,2
WAL212,2
WAL163,2
WAL184,2
WAL223-2BHIP,2
WAL180,2
WAL17-00,2
WAL222,2
WAL16-01,2
WAL236,2
WAL162,2
WAL19-01,2
WAL190-FBM,2
WAL228,2
WAL176-00,2
WAL194,2
WAL168,2
WAL208-00,2
WAL211,2
WAL243,2
WAL161,2
WAL237,2
WAL170,2
WAL201,2
WAL160,2
WAL196,2
WAL199,2
WAL203,2
WAL171,2
WAL240,2
WAL231,2
WAL177,2
WAL173,2
WAL220,2
WAL241,2
WAL210,2
WAL174,2
WAL164,2
WAL175,2
WAL172,2
WAL24-01,2
WAL230,2
WAL22,2
WAL185,2
WAL169,2
WAL214,2
WAL190,2
WAL193,2
WAL20-01,2
WAL55-00,2
WAL53-00,2
WAL323-D13,2
WAL327-C13,2
WAL41-00,2
WAL255,2
WAL36-00,2
WAL304,2
WAL328-D13,2
WAL31-00,2
WAL332,2
WAL256,2
WAL252,2
WAL66-00,2
WAL29-00,2
WAL264,2
WAL66-00-2BHIP,2
WAL54-00,2
WAL65,2
WAL67-00-2BHIP,2
WAL72,2
WAL330,2
WAL317,2
WAL42,2
WAL322,2
WAL61-00,2
WAL321,2
WAL50-00,2
WAL331,2
WAL251,2
WAL71,2
WAL39-00,2
WAL70,2
WAL33-00,2
WAL247,2
WAL315,2
WAL43,2
WAL257,2
WAL249,2
WAL6-00,2
WAL258,2
WAL263,2
WAL59,2
WAL35-00,2
WAL309,2
WAL305,2
WAL62-01,2
WAL56,2
WAL44-00,2
WAL68-00,2
WAL48-00,2
WAL46,2
WAL311,2
WAL26-00,2
WAL60,2
WAL262,2
WAL300,2
WAL310,2
WAL325-C13,2
WAL260,2
WAL308,2
WAL71-00,2
WAL253,2
WAL250,2
WAL30-00,2
WAL3-01,2
WAL313,2
WAL51-00,2
WAL320,2
WAL38-00,2
WAL49-00,2
WAL34,2
WAL57,2
WAL259,2
WAL312,2
WAL323-C13,2
WAL254,2
WAL306,2
WAL40-00,2
WAL316,2
WAL5-00,2
WAL37-00,2
WAL28-00,2
WAL74-00,2
WAL58-00,2
WAL303,2
WAL248,2
WAL73,2
WAL63,2
WAL326-C13,2
WAL261,2
WAL64,2
WAL69-00,2
WAL302,2
WAL47-01,2
WAL27-00,2
WAL318,2
WAL7-00,2
WAL307,2
WAL52-00,2
X6,2
X18,2
X92,2
X30,2
X81,2
WB06,2
Y73,2
WAL92,2
WAL98,2
X67,2
X17-DC,2
WAL94,2
X101,2
WAL86-00,2
WAL74-00-2BHIP,2
WAL84,2
WAL96,2
Z101-DC,2
WAL79-00,2
WAL85-00,2
WAL99,2
WAL81-00-2BHIP,2
Z116,2
Z1-EBAY,2
WAL8-00,2
Y21,2
WAL75-00,2
Z122,2
X29,2
Z108-DC,2
Z103,2
X52,2
X1,2
X39-DC,2
X103-DC,2
X90-DC,2
X76,2
X25,2
WB1,2
Y57,2
WAL88,2
WAL91-00,2
Y67,2
X93,2
X56,2
WB2,2
X19-DC,2
X105,2
WAL80,2
X28,2
X49-DC,2
WB07,2
X79,2
Y78,2
X57,2
X21,2
Y22,2
X8,2
X41-DC,2
Z105,2
WAL97,2
WAL91,2
Y56,2
X5,2
X59-DC,2
X104,2
X62,2
X10,2
WAL78,2
X9-DC,2
X55,2
X7-DC,2
Z120,2
X102,2
X48,2
Z117,2
WAL77-00,2
X63,2
Y74,2
WAL90,2
Z110-DC,2
X16,2
X96,2
WAL9,2
X68,2
X14,2
WAL76,2
WAL95,2
X74,2
WAL82-00,2
X98,2
X75,2
X31,2
X94,2
WAL83,2
WAL93,2
X99,2
WAL89,2
X91,2
WAL81-00,2
Z249,2
Z155,2
Z135,2
Z259,2
Z164,2
Z283,2
Z22,2
Z153,2
Z274,2
Z179,2
Z230,2
Z242,2
Z174,2
Z192,2
Z233,2
Z244,2
Z237,2
Z282,2
Z252,2
Z278,2
Z243,2
Z161-DC,2
Z251,2
Z204,2
Z158,2
Z202,2
Z281,2
Z247,2
Z270,2
Z196,2
Z279,2
Z235,2
Z28,2
Z144,2
Z256,2
Z236,2
Z25,2
Z177,2
Z257,2
Z18,2
Z277,2
Z199,2
Z272,2
Z255,2
Z248,2
Z266,2
Z175,2
Z201,2
Z140,2
Z246,2
Z280,2
Z176,2
Z160,2
Z136,2
Z223,2
Z151,2
Z271,2
Z26,2
Z214,2
Z219,2
Z130,2
Z264,2
Z213,2
Z14,2
Z169,2
Z141,2
Z143,2
Z268,2
Z209,2
Z139,2
Z170,2
Z250,2
Z267,2
Z154,2
Z234,2
Z168,2
Z137,2
Z203,2
Z269,2
Z134,2
Z181-DC,2
Z198,2
Z226,2
Z17,2
Z128,2
Z131,2
Z180,2
Z156,2
Z191-DC,2
Z127,2
Z194,2
Z133,2
Z229,2
Z211,2
Z157,2
Z195,2
Z224,2
Z129,2
Z203-2BHIP,2
Z275,2
Z60-DC,2
Z71,2
Z57-DC,2
Z58,2
Z34-DC,2
Z72,2
Z37-DC,2
Z96-DC,2
Z284,2
Z68,2
Z51-DC,2
Z79,2
Z69,2
Z56,2
Z78,2
Z93,2
Z40,2
Z285,2
Z97,2
Z48,2
Z32,2
Z49,2
Z86,2
Z30,2
Z92,2
Z31,2
Z85,2
Z63,2
Z54,2
Z73,2
Z94,2
Z80,2
Z62,2
Z75,2
Z29,2
Z287,2
Z4-00,2
Z3-00,2
Z55,2
Z61,2
Z89,2
Z53,2
Z88,2
Z83,2
Z33,2
Z64,2
